im (g),DS1,DS2,DS3,DS4,DS2|DS1,DS3|DS1,DS4|DS1,DS3|DS2,DS4|DS2,DS4|DS3
0.001,1.544887953848997e-29,1.544887953848997e-29,1.544887953848997e-29,1.544887953848997e-29,3.110630489531229e-06,3.110630489531229e-06,3.110630489531229e-06,0.0003879131290021908,0.0003879131290021908,0.0051702361356507015
0.001009671904360419,1.677035217808329e-29,1.677035217808329e-29,1.677035217808329e-29,1.677035217808329e-29,3.110630489531229e-06,3.110630489531229e-06,3.110630489531229e-06,0.0003879131290021908,0.0003879131290021908,0.0051702361356507015
0.001019437354454795,1.8204861490196384e-29,1.8204861490196384e-29,1.8204861490196384e-29,1.8204861490196384e-29,3.110630489531229e-06,3.110630489531229e-06,3.110630489531229e-06,0.0003879131290021908,0.0003879131290021908,0.0051702361356507015
0.0010292972550485203,1.9762076452416725e-29,1.9762076452416725e-29,1.9762076452416725e-29,1.9762076452416725e-29,3.110630489531229e-06,3.110630489531229e-06,3.110630489531229e-06,0.0003879131290021908,0.0003879131290021908,0.0051702361356507015
0.0010392525196577912,2.145249311133079e-29,2.145249311133079e-29,2.145249311133079e-29,2.145249311133079e-29,3.110630489531229e-06,3.110630489531229e-06,3.110630489531229e-06,0.0003879131290021908,0.0003879131290021908,0.0051702361356507015
0.0010493040706342459,2.3287505328692774e-29,2.3287505328692774e-29,2.3287505328692774e-29,2.3287505328692774e-29,3.110630489531229e-06,3.110630489531229e-06,3.110630489531229e-06,0.0003879131290021908,0.0003879131290021908,0.0051702361356507015
0.0010594528392504174,2.527948157911109e-29,2.527948157911109e-29,2.527948157911109e-29,2.527948157911109e-29,3.110630489531229e-06,3.110630489531229e-06,3.110630489531229e-06,0.0003879131290021908,0.0003879131290021908,0.0051702361356507015
0.0010696997657860217,2.7441848316884094e-29,2.7441848316884094e-29,2.7441848316884094e-29,2.7441848316884094e-29,3.110630489531229e-06,3.110630489531229e-06,3.110630489531229e-06,0.0003879131290021908,0.0003879131290021908,0.0051702361356507015
0.0010800457996150668,2.978918047390451e-29,2.978918047390451e-29,2.978918047390451e-29,2.978918047390451e-29,3.110630489531229e-06,3.110630489531229e-06,3.110630489531229e-06,0.0003879131290021908,0.0003879131290021908,0.0051702361356507015
0.001090491899293816,3.233729969860869e-29,3.233729969860869e-29,3.233729969860869e-29,3.233729969860869e-29,3.110630489531229e-06,3.110630489531229e-06,3.110630489531229e-06,0.0003879131290021908,0.0003879131290021908,0.0051702361356507015
0.0011010390326495973,3.510338099813378e-29,3.510338099813378e-29,3.510338099813378e-29,3.510338099813378e-29,3.110630489531229e-06,3.110630489531229e-06,3.110630489531229e-06,0.0003879131290021908,0.0003879131290021908,0.0051702361356507015
0.0011116881768704725,3.810606850247169e-29,3.810606850247169e-29,3.810606850247169e-29,3.810606850247169e-29,3.110630489531229e-06,3.110630489531229e-06,3.110630489531229e-06,0.0003879131290021908,0.0003879131290021908,0.0051702361356507015
0.001122440318595772,4.1365601130907675e-29,4.1365601130907675e-29,4.1365601130907675e-29,4.1365601130907675e-29,3.110630489531229e-06,3.110630489531229e-06,3.110630489531229e-06,0.0003879131290021908,0.0003879131290021908,0.0051702361356507015
0.0011332964540075085,4.4903949007763346e-29,4.4903949007763346e-29,4.4903949007763346e-29,4.4903949007763346e-29,3.110630489531229e-06,3.110630489531229e-06,3.110630489531229e-06,0.0003879131290021908,0.0003879131290021908,0.0051702361356507015
0.0011442575889226711,4.8744961546932447e-29,4.8744961546932447e-29,4.8744961546932447e-29,4.8744961546932447e-29,3.110630489531229e-06,3.110630489531229e-06,3.110630489531229e-06,0.0003879131290021908,0.0003879131290021908,0.0051702361356507015
0.0011553247388864148,5.291452820332338e-29,5.291452820332338e-29,5.291452820332338e-29,5.291452820332338e-29,3.110630489531229e-06,3.110630489531229e-06,3.110630489531229e-06,0.0003879131290021908,0.0003879131290021908,0.0051702361356507015
0.001166498929266149,5.744075297473505e-29,5.744075297473505e-29,5.744075297473505e-29,5.744075297473505e-29,3.110630489531229e-06,3.110630489531229e-06,3.110630489531229e-06,0.0003879131290021908,0.0003879131290021908,0.0051702361356507015
0.0011777811953465423,6.235414383033859e-29,6.235414383033859e-29,6.235414383033859e-29,6.235414383033859e-29,3.110630489531229e-06,3.110630489531229e-06,3.110630489531229e-06,0.0003879131290021908,0.0003879131290021908,0.0051702361356507015
0.001189172582425434,6.768781834257433e-29,6.768781834257433e-29,6.768781834257433e-29,6.768781834257433e-29,3.110630489531229e-06,3.110630489531229e-06,3.110630489531229e-06,0.0003879131290021908,0.0003879131290021908,0.0051702361356507015
0.0012006741459106851,7.347772690847527e-29,7.347772690847527e-29,7.347772690847527e-29,7.347772690847527e-29,3.110630489531229e-06,3.110630489531229e-06,3.110630489531229e-06,0.0003879131290021908,0.0003879131290021908,0.0051702361356507015
0.001212286951417961,7.976289506498308e-29,7.976289506498308e-29,7.976289506498308e-29,7.976289506498308e-29,3.110630489531229e-06,3.110630489531229e-06,3.110630489531229e-06,0.0003879131290021908,0.0003879131290021908,0.0051702361356507015
0.0012240120748694594,8.65856865315422e-29,8.65856865315422e-29,8.65856865315422e-29,8.65856865315422e-29,3.110630489531229e-06,3.110630489531229e-06,3.110630489531229e-06,0.0003879131290021908,0.0003879131290021908,0.0051702361356507015
0.0012358506025935947,9.399208875293079e-29,9.399208875293079e-29,9.399208875293079e-29,9.399208875293079e-29,3.110630489531229e-06,3.110630489531229e-06,3.110630489531229e-06,0.0003879131290021908,0.0003879131290021908,0.0051702361356507015
0.001247803631425646,1.0203202286697094e-28,1.0203202286697094e-28,1.0203202286697094e-28,1.0203202286697094e-28,3.110630489531229e-06,3.110630489531229e-06,3.110630489531229e-06,0.0003879131290021908,0.0003879131290021908,0.0051702361356507015
0.0012598722688093784,1.1075968018639883e-28,1.1075968018639883e-28,1.1075968018639883e-28,1.1075968018639883e-28,3.110630489531229e-06,3.110630489531229e-06,3.110630489531229e-06,0.0003879131290021908,0.0003879131290021908,0.0051702361356507015
0.0012720576328996466,1.2023388746283707e-28,1.2023388746283707e-28,1.2023388746283707e-28,1.2023388746283707e-28,3.110630489531229e-06,3.110630489531229e-06,3.110630489531229e-06,0.0003879131290021908,0.0003879131290021908,0.0051702361356507015
0.001284360852665993,1.3051850339490043e-28,1.3051850339490043e-28,1.3051850339490043e-28,1.3051850339490043e-28,3.110630489531229e-06,3.110630489531229e-06,3.110630489531229e-06,0.0003879131290021908,0.0003879131290021908,0.0051702361356507015
0.0012967830679972432,1.4168284905293225e-28,1.4168284905293225e-28,1.4168284905293225e-28,1.4168284905293225e-28,3.110630489531229e-06,3.110630489531229e-06,3.110630489531229e-06,0.0003879131290021908,0.0003879131290021908,0.0051702361356507015
0.0013093254298071233,1.5380217512163349e-28,1.5380217512163349e-28,1.5380217512163349e-28,1.5380217512163349e-28,3.110630489531229e-06,3.110630489531229e-06,3.110630489531229e-06,0.0003879131290021908,0.0003879131290021908,0.0051702361356507015
0.001321989100140882,1.669581691098568e-28,1.669581691098568e-28,1.669581691098568e-28,1.669581691098568e-28,3.110630489531229e-06,3.110630489531229e-06,3.110630489531229e-06,0.0003879131290021908,0.0003879131290021908,0.0051702361356507015
0.001334775252282961,1.8123950594632722e-28,1.8123950594632722e-28,1.8123950594632722e-28,1.8123950594632722e-28,3.110630489531229e-06,3.110630489531229e-06,3.110630489531229e-06,0.0003879131290021908,0.0003879131290021908,0.0051702361356507015
0.0013476850708656958,1.9674244567245629e-28,1.9674244567245629e-28,1.9674244567245629e-28,1.9674244567245629e-28,3.110630489531229e-06,3.110630489531229e-06,3.110630489531229e-06,0.0003879131290021908,0.0003879131290021908,0.0051702361356507015
0.0013607197519790734,2.1357148226084292e-28,2.1357148226084292e-28,2.1357148226084292e-28,2.1357148226084292e-28,3.110630489531229e-06,3.110630489531229e-06,3.110630489531229e-06,0.0003879131290021908,0.0003879131290021908,0.0051702361356507015
0.001373880503281548,2.318400479326696e-28,2.318400479326696e-28,2.318400479326696e-28,2.318400479326696e-28,3.110630489531229e-06,3.110630489531229e-06,3.110630489531229e-06,0.0003879131290021908,0.0003879131290021908,0.0051702361356507015
0.0013871685441119313,2.516712777213216e-28,2.516712777213216e-28,2.516712777213216e-28,2.516712777213216e-28,3.110630489531229e-06,3.110630489531229e-06,3.110630489531229e-06,0.0003879131290021908,0.0003879131290021908,0.0051702361356507015
0.0014005851056023634,2.7319883943552635e-28,2.7319883943552635e-28,2.7319883943552635e-28,2.7319883943552635e-28,3.110630489531229e-06,3.110630489531229e-06,3.110630489531229e-06,0.0003879131290021908,0.0003879131290021908,0.0051702361356507015
0.001414131430792377,2.965678346162572e-28,2.965678346162572e-28,2.965678346162572e-28,2.965678346162572e-28,3.110630489531229e-06,3.110630489531229e-06,3.110630489531229e-06,0.0003879131290021908,0.0003879131290021908,0.0051702361356507015
0.0014278087747440617,3.219357765600298e-28,3.219357765600298e-28,3.219357765600298e-28,3.219357765600298e-28,3.110630489531229e-06,3.110630489531229e-06,3.110630489531229e-06,0.0003879131290021908,0.0003879131290021908,0.0051702361356507015
0.0014416184046583532,3.494736520007915e-28,3.494736520007915e-28,3.494736520007915e-28,3.494736520007915e-28,3.110630489531229e-06,3.110630489531229e-06,3.110630489531229e-06,0.0003879131290021908,0.0003879131290021908,0.0051702361356507015
0.0014555615999924285,3.7936707360635994e-28,3.7936707360635994e-28,3.7936707360635994e-28,3.7936707360635994e-28,3.110630489531229e-06,3.110630489531229e-06,3.110630489531229e-06,0.0003879131290021908,0.0003879131290021908,0.0051702361356507015
0.0014696396525782536,4.118175310576127e-28,4.118175310576127e-28,4.118175310576127e-28,4.118175310576127e-28,3.110630489531229e-06,3.110630489531229e-06,3.110630489531229e-06,0.0003879131290021908,0.0003879131290021908,0.0051702361356507015
0.0014838538667422698,4.470437491429827e-28,4.470437491429827e-28,4.470437491429827e-28,4.470437491429827e-28,3.110630489531229e-06,3.110630489531229e-06,3.110630489531229e-06,0.0003879131290021908,0.0003879131290021908,0.0051702361356507015
0.001498205559426239,4.852831620222005e-28,4.852831620222005e-28,4.852831620222005e-28,4.852831620222005e-28,3.110630489531229e-06,3.110630489531229e-06,3.110630489531229e-06,0.0003879131290021908,0.0003879131290021908,0.0051702361356507015
0.0015126960603092574,5.267935135962341e-28,5.267935135962341e-28,5.267935135962341e-28,5.267935135962341e-28,3.110630489531229e-06,3.110630489531229e-06,3.110630489531229e-06,0.0003879131290021908,0.0003879131290021908,0.0051702361356507015
0.0015273267119309511,5.718545947703212e-28,5.718545947703212e-28,5.718545947703212e-28,5.718545947703212e-28,3.110630489531229e-06,3.110630489531229e-06,3.110630489531229e-06,0.0003879131290021908,0.0003879131290021908,0.0051702361356507015
0.0015420988698158604,6.2077012931972405e-28,6.2077012931972405e-28,6.2077012931972405e-28,6.2077012931972405e-28,3.110630489531229e-06,3.110630489531229e-06,3.110630489531229e-06,0.0003879131290021908,0.0003879131290021908,0.0051702361356507015
0.0015570139025990295,6.738698210694682e-28,6.738698210694682e-28,6.738698210694682e-28,6.738698210694682e-28,3.110630489531229e-06,3.110630489531229e-06,3.110630489531229e-06,0.0003879131290021908,0.0003879131290021908,0.0051702361356507015
0.00157207319215281,7.315115761865405e-28,7.315115761865405e-28,7.315115761865405e-28,7.315115761865405e-28,3.110630489531229e-06,3.110630489531229e-06,3.110630489531229e-06,0.0003879131290021908,0.0003879131290021908,0.0051702361356507015
0.001587278133714889,7.940839155634976e-28,7.940839155634976e-28,7.940839155634976e-28,7.940839155634976e-28,3.110630489531229e-06,3.110630489531229e-06,3.110630489531229e-06,0.0003879131290021908,0.0003879131290021908,0.0051702361356507015
0.0016026301360175636,8.620085935534954e-28,8.620085935534954e-28,8.620085935534954e-28,8.620085935534954e-28,3.110630489531229e-06,3.110630489531229e-06,3.110630489531229e-06,0.0003879131290021908,0.0003879131290021908,0.0051702361356507015
0.0016181306214182506,9.357434407077505e-28,9.357434407077505e-28,9.357434407077505e-28,9.357434407077505e-28,3.110630489531229e-06,3.110630489531229e-06,3.110630489531229e-06,0.0003879131290021908,0.0003879131290021908,0.0051702361356507015
0.0016337810260312732,1.0157854496763154e-27,1.0157854496763154e-27,1.0157854496763154e-27,1.0157854496763154e-27,3.110630489531229e-06,3.110630489531229e-06,3.110630489531229e-06,0.0003879131290021908,0.0003879131290021908,0.0051702361356507015
0.0016495827998609148,1.1026741250718212e-27,1.1026741250718212e-27,1.1026741250718212e-27,1.1026741250718212e-27,3.110630489531229e-06,3.110630489531229e-06,3.110630489531229e-06,0.0003879131290021908,0.0003879131290021908,0.0051702361356507015
0.0016655374069357617,1.1969951198753194e-27,1.1969951198753194e-27,1.1969951198753194e-27,1.1969951198753194e-27,3.110630489531229e-06,3.110630489531229e-06,3.110630489531229e-06,0.0003879131290021908,0.0003879131290021908,0.0051702361356507015
0.0016816463254443446,1.2993841828944764e-27,1.2993841828944764e-27,1.2993841828944764e-27,1.2993841828944764e-27,3.110630489531229e-06,3.110630489531229e-06,3.110630489531229e-06,0.0003879131290021908,0.0003879131290021908,0.0051702361356507015
0.0016979110478720922,1.4105314438810648e-27,1.4105314438810648e-27,1.4105314438810648e-27,1.4105314438810648e-27,3.110630489531229e-06,3.110630489531229e-06,3.110630489531229e-06,0.0003879131290021908,0.0003879131290021908,0.0051702361356507015
0.0017143330811396097,1.5311860651907027e-27,1.5311860651907027e-27,1.5311860651907027e-27,1.5311860651907027e-27,3.110630489531229e-06,3.110630489531229e-06,3.110630489531229e-06,0.0003879131290021908,0.0003879131290021908,0.0051702361356507015
0.0017309139467422943,1.662161291337987e-27,1.662161291337987e-27,1.662161291337987e-27,1.662161291337987e-27,3.110630489531229e-06,3.110630489531229e-06,3.110630489531229e-06,0.0003879131290021908,0.0003879131290021908,0.0051702361356507015
0.0017476551808912994,1.8043399304827485e-27,1.8043399304827485e-27,1.8043399304827485e-27,1.8043399304827485e-27,3.110630489531229e-06,3.110630489531229e-06,3.110630489531229e-06,0.0003879131290021908,0.0003879131290021908,0.0051702361356507015
0.0017645583346558708,1.9586803047939008e-27,1.9586803047939008e-27,1.9586803047939008e-27,1.9586803047939008e-27,3.110630489531229e-06,3.110630489531229e-06,3.110630489531229e-06,0.0003879131290021908,0.0003879131290021908,0.0051702361356507015
0.0017816249741070423,2.1262227097978544e-27,2.1262227097978544e-27,2.1262227097978544e-27,2.1262227097978544e-27,3.110630489531229e-06,3.110630489531229e-06,3.110630489531229e-06,0.0003879131290021908,0.0003879131290021908,0.0051702361356507015
0.0017988566804627395,2.308096426249524e-27,2.308096426249524e-27,2.308096426249524e-27,2.308096426249524e-27,3.110630489531229e-06,3.110630489531229e-06,3.110630489531229e-06,0.0003879131290021908,0.0003879131290021908,0.0051702361356507015
0.0018162550502342758,2.505527331787526e-27,2.505527331787526e-27,2.505527331787526e-27,2.505527331787526e-27,3.110630489531229e-06,3.110630489531229e-06,3.110630489531229e-06,0.0003879131290021908,0.0003879131290021908,0.0051702361356507015
0.0018338216953742697,2.7198461636782817e-27,2.7198461636782817e-27,2.7198461636782817e-27,2.7198461636782817e-27,3.110630489531229e-06,3.110630489531229e-06,3.110630489531229e-06,0.0003879131290021908,0.0003879131290021908,0.0051702361356507015
0.001851558243425991,2.952497488342225e-27,2.952497488342225e-27,2.952497488342225e-27,2.952497488342225e-27,3.110630489531229e-06,3.110630489531229e-06,3.110630489531229e-06,0.0003879131290021908,0.0003879131290021908,0.0051702361356507015
0.0018694663376741525,3.2050494381189594e-27,3.2050494381189594e-27,3.2050494381189594e-27,3.2050494381189594e-27,3.110630489531229e-06,3.110630489531229e-06,3.110630489531229e-06,0.0003879131290021908,0.0003879131290021908,0.0051702361356507015
0.0018875476372971595,3.4792042808999874e-27,3.4792042808999874e-27,3.4792042808999874e-27,3.4792042808999874e-27,3.110630489531229e-06,3.110630489531229e-06,3.110630489531229e-06,0.0003879131290021908,0.0003879131290021908,0.0051702361356507015
0.0019058038175208325,3.776809893870821e-27,3.776809893870821e-27,3.776809893870821e-27,3.776809893870821e-27,3.110630489531229e-06,3.110630489531229e-06,3.110630489531229e-06,0.0003879131290021908,0.0003879131290021908,0.0051702361356507015
0.0019242365697736152,4.099872218699008e-27,4.099872218699008e-27,4.099872218699008e-27,4.099872218699008e-27,3.110630489531229e-06,3.110630489531229e-06,3.110630489531229e-06,0.0003879131290021908,0.0003879131290021908,0.0051702361356507015
0.0019428476018432841,4.450568782119011e-27,4.450568782119011e-27,4.450568782119011e-27,4.450568782119011e-27,3.110630489531229e-06,3.110630489531229e-06,3.110630489531229e-06,0.0003879131290021908,0.0003879131290021908,0.0051702361356507015
0.001961638638035182,4.831263373046751e-27,4.831263373046751e-27,4.831263373046751e-27,4.831263373046751e-27,3.110630489531229e-06,3.110630489531229e-06,3.110630489531229e-06,0.0003879131290021908,0.0003879131290021908,0.0051702361356507015
0.0019806114193319604,5.244521975150788e-27,5.244521975150788e-27,5.244521975150788e-27,5.244521975150788e-27,3.110630489531229e-06,3.110630489531229e-06,3.110630489531229e-06,0.0003879131290021908,0.0003879131290021908,0.0051702361356507015
0.0019997677035548927,5.6931300622706435e-27,5.6931300622706435e-27,5.6931300622706435e-27,5.6931300622706435e-27,3.110630489531229e-06,3.110630489531229e-06,3.110630489531229e-06,0.0003879131290021908,0.0003879131290021908,0.0051702361356507015
0.00201910926552673,6.180111373257779e-27,6.180111373257779e-27,6.180111373257779e-27,6.180111373257779e-27,3.110630489531229e-06,3.110630489531229e-06,3.110630489531229e-06,0.0003879131290021908,0.0003879131290021908,0.0051702361356507015
0.0020386378972361407,6.708748292786583e-27,6.708748292786583e-27,6.708748292786583e-27,6.708748292786583e-27,3.110630489531229e-06,3.110630489531229e-06,3.110630489531229e-06,0.0003879131290021908,0.0003879131290021908,0.0051702361356507015
0.002058355408003734,7.282603975507609e-27,7.282603975507609e-27,7.282603975507609e-27,7.282603975507609e-27,3.110630489531229e-06,3.110630489531229e-06,3.110630489531229e-06,0.0003879131290021908,0.0003879131290021908,0.0051702361356507015
0.0020782636246496973,7.905546362665724e-27,7.905546362665724e-27,7.905546362665724e-27,7.905546362665724e-27,3.110630489531229e-06,3.110630489531229e-06,3.110630489531229e-06,0.0003879131290021908,0.0003879131290021908,0.0051702361356507015
0.0020983643916630467,8.581774253061876e-27,8.581774253061876e-27,8.581774253061876e-27,8.581774253061876e-27,3.110630489531229e-06,3.110630489531229e-06,3.110630489531229e-06,0.0003879131290021908,0.0003879131290021908,0.0051702361356507015
0.0021186595713725185,9.31584560408324e-27,9.31584560408324e-27,9.31584560408324e-27,9.31584560408324e-27,3.110630489531229e-06,3.110630489531229e-06,3.110630489531229e-06,0.0003879131290021908,0.0003879131290021908,0.0051702361356507015
0.0021391510441191195,1.0112708253558845e-26,1.0112708253558845e-26,1.0112708253558845e-26,1.0112708253558845e-26,3.110630489531229e-06,3.110630489531229e-06,3.110630489531229e-06,0.0003879131290021908,0.0003879131290021908,0.0051702361356507015
0.00215984070843033,1.0977733269513586e-26,1.0977733269513586e-26,1.0977733269513586e-26,1.0977733269513586e-26,3.110630489531229e-06,3.110630489531229e-06,3.110630489531229e-06,0.0003879131290021908,0.0003879131290021908,0.0051702361356507015
0.0021807304811960076,1.1916751152608046e-26,1.1916751152608046e-26,1.1916751152608046e-26,1.1916751152608046e-26,3.110630489531229e-06,3.110630489531229e-06,3.110630489531229e-06,0.0003879131290021908,0.0003879131290021908,0.0051702361356507015
0.0022018222978459857,1.2936091135276555e-26,1.2936091135276555e-26,1.2936091135276555e-26,1.2936091135276555e-26,3.110630489531229e-06,3.110630489531229e-06,3.110630489531229e-06,0.0003879131290021908,0.0003879131290021908,0.0051702361356507015
0.00222311811252939,1.4042623842451964e-26,1.4042623842451964e-26,1.4042623842451964e-26,1.4042623842451964e-26,3.110630489531229e-06,3.110630489531229e-06,3.110630489531229e-06,0.0003879131290021908,0.0003879131290021908,0.0051702361356507015
0.0022446198982956894,1.5243807601420644e-26,1.5243807601420644e-26,1.5243807601420644e-26,1.5243807601420644e-26,3.110630489531229e-06,3.110630489531229e-06,3.110630489531229e-06,0.0003879131290021908,0.0003879131290021908,0.0051702361356507015
0.0022663296472774986,1.6547738712949487e-26,1.6547738712949487e-26,1.6547738712949487e-26,1.6547738712949487e-26,3.110630489531229e-06,3.110630489531229e-06,3.110630489531229e-06,0.0003879131290021908,0.0003879131290021908,0.0051702361356507015
0.0022882493708751487,1.796320602252483e-26,1.796320602252483e-26,1.796320602252483e-26,1.796320602252483e-26,3.110630489531229e-06,3.110630489531229e-06,3.110630489531229e-06,0.0003879131290021908,0.0003879131290021908,0.0051702361356507015
0.002310381099943042,1.9499750159528475e-26,1.9499750159528475e-26,1.9499750159528475e-26,1.9499750159528475e-26,3.110630489531229e-06,3.110630489531229e-06,3.110630489531229e-06,0.0003879131290021908,0.0003879131290021908,0.0051702361356507015
0.0023327268849778105,2.1167727843639453e-26,2.1167727843639453e-26,2.1167727843639453e-26,2.1167727843639453e-26,3.110630489531229e-06,3.110630489531229e-06,3.110630489531229e-06,0.0003879131290021908,0.0003879131290021908,0.0051702361356507015
0.0023552887963082937,2.2978381691902866e-26,2.2978381691902866e-26,2.2978381691902866e-26,2.2978381691902866e-26,3.110630489531229e-06,3.110630489531229e-06,3.110630489531229e-06,0.0003879131290021908,0.0003879131290021908,0.0051702361356507015
0.0023780689242873516,2.4943915996984526e-26,2.4943915996984526e-26,2.4943915996984526e-26,2.4943915996984526e-26,3.110630489531229e-06,3.110630489531229e-06,3.110630489531229e-06,0.0003879131290021908,0.0003879131290021908,0.0051702361356507015
0.0024010693794855433,2.7077578987378007e-26,2.7077578987378007e-26,2.7077578987378007e-26,2.7077578987378007e-26,3.110630489531229e-06,3.110630489531229e-06,3.110630489531229e-06,0.0003879131290021908,0.0003879131290021908,0.0051702361356507015
0.002424292292886658,2.939375212401818e-26,2.939375212401818e-26,2.939375212401818e-26,2.939375212401818e-26,3.110630489531229e-06,3.110630489531229e-06,3.110630489531229e-06,0.0003879131290021908,0.0003879131290021908,0.0051702361356507015
0.002447739816085158,3.1908047035186297e-26,3.1908047035186297e-26,3.1908047035186297e-26,3.1908047035186297e-26,3.110630489531229e-06,3.110630489531229e-06,3.110630489531229e-06,0.0003879131290021908,0.0003879131290021908,0.0051702361356507015
0.0024714141214855234,3.463741074307194e-26,3.463741074307194e-26,3.463741074307194e-26,3.463741074307194e-26,3.110630489531229e-06,3.110630489531229e-06,3.110630489531229e-06,0.0003879131290021908,0.0003879131290021908,0.0051702361356507015
0.00249531740250352,3.7600239891249446e-26,3.7600239891249446e-26,3.7600239891249446e-26,3.7600239891249446e-26,3.110630489531229e-06,3.110630489531229e-06,3.110630489531229e-06,0.0003879131290021908,0.0003879131290021908,0.0051702361356507015
0.0025194518737694234,4.0816504742990216e-26,4.0816504742990216e-26,4.0816504742990216e-26,4.0816504742990216e-26,3.110630489531229e-06,3.110630489531229e-06,3.110630489531229e-06,0.0003879131290021908,0.0003879131290021908,0.0051702361356507015
0.0025438197713331992,4.4307883786195555e-26,4.4307883786195555e-26,4.4307883786195555e-26,4.4307883786195555e-26,3.110630489531229e-06,3.110630489531229e-06,3.110630489531229e-06,0.0003879131290021908,0.0003879131290021908,0.0051702361356507015
0.002568423352871677,4.809790985221895e-26,4.809790985221895e-26,4.809790985221895e-26,4.809790985221895e-26,3.110630489531229e-06,3.110630489531229e-06,3.110630489531229e-06,0.0003879131290021908,0.0003879131290021908,0.0051702361356507015
0.0025932648978977155,5.221212873346273e-26,5.221212873346273e-26,5.221212873346273e-26,5.221212873346273e-26,3.110630489531229e-06,3.110630489531229e-06,3.110630489531229e-06,0.0003879131290021908,0.0003879131290021908,0.0051702361356507015
0.002618346707971414,5.667827136887399e-26,5.667827136887399e-26,5.667827136887399e-26,5.667827136887399e-26,3.110630489531229e-06,3.110630489531229e-06,3.110630489531229e-06,0.0003879131290021908,0.0003879131290021908,0.0051702361356507015
0.0026436711069133313,6.152644075790959e-26,6.152644075790959e-26,6.152644075790959e-26,6.152644075790959e-26,3.110630489531229e-06,3.110630489531229e-06,3.110630489531229e-06,0.0003879131290021908,0.0003879131290021908,0.0051702361356507015
0.0026692404410198,6.678931486282845e-26,6.678931486282845e-26,6.678931486282845e-26,6.678931486282845e-26,3.110630489531229e-06,3.110630489531229e-06,3.110630489531229e-06,0.0003879131290021908,0.0003879131290021908,0.0051702361356507015
0.0026950570792803057,7.250236686692414e-26,7.250236686692414e-26,7.250236686692414e-26,7.250236686692414e-26,3.110630489531229e-06,3.110630489531229e-06,3.110630489531229e-06,0.0003879131290021908,0.0003879131290021908,0.0051702361356507015
0.002721123413596975,7.870410427329618e-26,7.870410427329618e-26,7.870410427329618e-26,7.870410427329618e-26,3.110630489531229e-06,3.110630489531229e-06,3.110630489531229e-06,0.0003879131290021908,0.0003879131290021908,0.0051702361356507015
0.0027474418590061815,8.543632845575085e-26,8.543632845575083e-26,8.543632845575083e-26,8.543632845575083e-26,3.110630489531229e-06,3.110630489531229e-06,3.110630489531229e-06,0.0003879131290021908,0.0003879131290021908,0.0051702361356507015
0.002774014853902301,9.274441641127308e-26,9.274441641127307e-26,9.274441641127307e-26,9.274441641127307e-26,3.110630489531229e-06,3.110630489531229e-06,3.110630489531229e-06,0.0003879131290021908,0.0003879131290021908,0.0051702361356507015
0.0028008448602636258,1.0067762661316493e-25,1.0067762661316491e-25,1.0067762661316491e-25,1.0067762661316491e-25,3.110630489531229e-06,3.110630489531229e-06,3.110630489531229e-06,0.0003879131290021908,0.0003879131290021908,0.0051702361356507015
0.0028279343638804664,1.0928943102635862e-25,1.092894310263586e-25,1.092894310263586e-25,1.092894310263586e-25,3.110630489531229e-06,3.110630489531229e-06,3.110630489531229e-06,0.0003879131290021908,0.0003879131290021908,0.0051702361356507015
0.0028552858745854604,1.1863787552281674e-25,1.1863787552281672e-25,1.1863787552281672e-25,1.1863787552281672e-25,3.110630489531229e-06,3.110630489531229e-06,3.110630489531229e-06,0.0003879131290021908,0.0003879131290021908,0.0051702361356507015
0.002882901926486106,1.2878597112627242e-25,1.2878597112627237e-25,1.2878597112627237e-25,1.2878597112627237e-25,3.110630489531229e-06,3.110630489531229e-06,3.110630489531229e-06,0.0003879131290021908,0.0003879131290021908,0.0051702361356507015
0.0029107850781995444,1.398021187234342e-25,1.3980211872343414e-25,1.3980211872343414e-25,1.3980211872343414e-25,3.110630489531229e-06,3.110630489531229e-06,3.110630489531229e-06,0.0003879131290021908,0.0003879131290021908,0.0051702361356507015
0.0029389379130896247,1.5176057010431904e-25,1.5176057010431897e-25,1.5176057010431897e-25,1.5176057010431897e-25,3.110630489531229e-06,3.110630489531229e-06,3.110630489531229e-06,0.0003879131290021908,0.0003879131290021908,0.0051702361356507015
0.002967363039506237,1.6474192843922423e-25,1.6474192843922414e-25,1.6474192843922414e-25,1.6474192843922414e-25,3.110630489531229e-06,3.110630489531229e-06,3.110630489531229e-06,0.0003879131290021908,0.0003879131290021908,0.0051702361356507015
0.0029960630910269835,1.7883369156572446e-25,1.7883369156572432e-25,1.7883369156572432e-25,1.7883369156572432e-25,3.110630489531229e-06,3.110630489531229e-06,3.110630489531229e-06,0.0003879131290021908,0.0003879131290021908,0.0051702361356507015
0.0030250407267011776,1.9413084174757215e-25,1.9413084174757196e-25,1.9413084174757196e-25,1.9413084174757196e-25,3.110630489531229e-06,3.110630489531229e-06,3.110630489531229e-06,0.0003879131290021908,0.0003879131290021908,0.0051702361356507015
0.0030542986312962032,2.1073648588062664e-25,2.1073648588062637e-25,2.1073648588062637e-25,2.1073648588062637e-25,3.110630489531229e-06,3.110630489531229e-06,3.110630489531229e-06,0.0003879131290021908,0.0003879131290021908,0.0051702361356507015
0.003083839515546259,2.2876255046100253e-25,2.2876255046100216e-25,2.2876255046100216e-25,2.2876255046100216e-25,3.110630489531229e-06,3.110630489531229e-06,3.110630489531229e-06,0.0003879131290021908,0.0003879131290021908,0.0051702361356507015
0.003113666116403503,2.483305359996692e-25,2.483305359996687e-25,2.483305359996687e-25,2.483305359996687e-25,3.110630489531229e-06,3.110630489531229e-06,3.110630489531229e-06,0.0003879131290021908,0.0003879131290021908,0.0051702361356507015
0.003143781197291635,2.695723359684944e-25,2.6957233596849365e-25,2.6957233596849365e-25,2.6957233596849365e-25,3.110630489531229e-06,3.110630489531229e-06,3.110630489531229e-06,0.0003879131290021908,0.0003879131290021908,0.0051702361356507015
0.0031741875483619194,2.9263112579762276e-25,2.9263112579762175e-25,2.9263112579762175e-25,2.9263112579762175e-25,3.110630489531229e-06,3.110630489531229e-06,3.110630489531229e-06,0.0003879131290021908,0.0003879131290021908,0.0051702361356507015
0.0032048879867517086,3.176623279162876e-25,3.1766232791628624e-25,3.1766232791628624e-25,3.1766232791628624e-25,3.110630489531229e-06,3.110630489531229e-06,3.110630489531229e-06,0.0003879131290021908,0.0003879131290021908,0.0051702361356507015
0.003235885356845427,3.448346593416833e-25,3.448346593416814e-25,3.448346593416814e-25,3.448346593416814e-25,3.110630489531229e-06,3.110630489531229e-06,3.110630489531229e-06,0.0003879131290021908,0.0003879131290021908,0.0051702361356507015
0.003267182530538116,3.743312688769031e-25,3.7433126887690043e-25,3.7433126887690043e-25,3.7433126887690043e-25,3.110630489531229e-06,3.110630489531229e-06,3.110630489531229e-06,0.0003879131290021908,0.0003879131290021908,0.0051702361356507015
0.0032987824075015122,4.0635097158301907e-25,4.0635097158301535e-25,4.0635097158301535e-25,4.0635097158301535e-25,3.110630489531229e-06,3.110630489531229e-06,3.110630489531229e-06,0.0003879131290021908,0.0003879131290021908,0.0051702361356507015
0.003330687915452699,4.411095888459235e-25,4.4110958884591835e-25,4.4110958884591835e-25,4.4110958884591835e-25,3.110630489531229e-06,3.110630489531229e-06,3.110630489531229e-06,0.0003879131290021908,0.0003879131290021908,0.0051702361356507015
0.0033629020104253607,4.788414030703642e-25,4.78841403070357e-25,4.78841403070357e-25,4.78841403070357e-25,3.110630489531229e-06,3.110630489531229e-06,3.110630489531229e-06,0.0003879131290021908,0.0003879131290021908,0.0051702361356507015
0.0033954276770436554,5.198007368062131e-25,5.198007368062032e-25,5.198007368062032e-25,5.198007368062032e-25,3.110630489531229e-06,3.110630489531229e-06,3.110630489531229e-06,0.0003879131290021908,0.0003879131290021908,0.0051702361356507015
0.003428267928798741,5.642636669506591e-25,5.642636669506454e-25,5.642636669506454e-25,5.642636669506454e-25,3.110630489531229e-06,3.110630489531229e-06,3.110630489531229e-06,0.0003879131290021908,0.0003879131290021908,0.0051702361356507015
0.003461425808327974,6.12529885580564e-25,6.125298855805451e-25,6.125298855805451e-25,6.125298855805451e-25,3.110630489531229e-06,3.110630489531229e-06,3.110630489531229e-06,0.0003879131290021908,0.0003879131290021908,0.0051702361356507015
0.0034949043876968083,6.649247199574702e-25,6.649247199574439e-25,6.649247199574439e-25,6.649247199574439e-25,3.110630489531229e-06,3.110630489531229e-06,3.110630489531229e-06,0.0003879131290021908,0.0003879131290021908,0.0051702361356507015
0.0035287067686834202,7.21801325320586e-25,7.218013253205497e-25,7.218013253205497e-25,7.218013253205497e-25,3.110630489531229e-06,3.110630489531229e-06,3.110630489531229e-06,0.0003879131290021908,0.0003879131290021908,0.0051702361356507015
0.0035628360830660855,7.835430652478673e-25,7.835430652478171e-25,7.835430652478171e-25,7.835430652478171e-25,3.110630489531229e-06,3.110630489531229e-06,3.110630489531229e-06,0.0003879131290021908,0.0003879131290021908,0.0051702361356507015
0.0035972954929133502,8.505660956293626e-25,8.505660956292934e-25,8.505660956292934e-25,8.505660956292934e-25,3.110630489531229e-06,3.110630489531229e-06,3.110630489531229e-06,0.0003879131290021908,0.0003879131290021908,0.0051702361356507015
0.0036320881908769743,9.233221696695382e-25,9.233221696694427e-25,9.233221696694427e-25,9.233221696694427e-25,3.110630489531229e-06,3.110630489531229e-06,3.110630489531229e-06,0.0003879131290021908,0.0003879131290021908,0.0051702361356507015
0.0036672174004877436,1.0023016828250805e-24,1.0023016828249488e-24,1.0023016828249488e-24,1.0023016828249488e-24,3.110630489531229e-06,3.110630489531229e-06,3.110630489531229e-06,0.0003879131290021908,0.0003879131290021908,0.0051702361356507015
0.0037026863764541254,1.0880369782018159e-24,1.0880369782016344e-24,1.0880369782016344e-24,1.0880369782016344e-24,3.110630489531229e-06,3.110630489531229e-06,3.110630489531229e-06,0.0003879131290021908,0.0003879131290021908,0.0051702361356507015
0.0037384984049638158,1.1811059346900733e-24,1.1811059346898231e-24,1.1811059346898231e-24,1.1811059346898231e-24,3.110630489531229e-06,3.110630489531229e-06,3.110630489531229e-06,0.0003879131290021908,0.0003879131290021908,0.0051702361356507015
0.0037746568039882045,1.282135862023416e-24,1.2821358620230717e-24,1.2821358620230717e-24,1.2821358620230717e-24,3.110630489531229e-06,3.110630489531229e-06,3.110630489531229e-06,0.0003879131290021908,0.0003879131290021908,0.0051702361356507015
0.003811164923589783,1.3918077290145118e-24,1.391807729014038e-24,1.391807729014038e-24,1.391807729014038e-24,3.110630489531229e-06,3.110630489531229e-06,3.110630489531229e-06,0.0003879131290021908,0.0003879131290021908,0.0051702361356507015
0.0038480261462325227,1.5108607534676203e-24,1.5108607534669692e-24,1.5108607534669692e-24,1.5108607534669692e-24,3.110630489531229e-06,3.110630489531229e-06,3.110630489531229e-06,0.0003879131290021908,0.0003879131290021908,0.0051702361356507015
0.0038852438870952753,1.6400973847049238e-24,1.640097384704029e-24,1.640097384704029e-24,1.640097384704029e-24,3.110630489531229e-06,3.110630489531229e-06,3.110630489531229e-06,0.0003879131290021908,0.0003879131290021908,0.0051702361356507015
0.003922821594388163,1.780388712290208e-24,1.7803887122889794e-24,1.7803887122889794e-24,1.7803887122889794e-24,3.110630489531229e-06,3.110630489531229e-06,3.110630489531229e-06,0.0003879131290021908,0.0003879131290021908,0.0051702361356507015
0.003960762749672071,1.932680337406166e-24,1.93268033740448e-24,1.93268033740448e-24,1.93268033740448e-24,3.110630489531229e-06,3.110630489531229e-06,3.110630489531229e-06,0.0003879131290021908,0.0003879131290021908,0.0051702361356507015
0.00399907086818121,2.097998746460127e-24,2.0979987464578142e-24,2.0979987464578142e-24,2.0979987464578142e-24,3.110630489531229e-06,3.110630489531229e-06,3.110630489531229e-06,0.0003879131290021908,0.0003879131290021908,0.0051702361356507015
0.004037749499148796,2.2774582298777227e-24,2.277458229874553e-24,2.277458229874553e-24,2.277458229874553e-24,3.110630489531229e-06,3.110630489531229e-06,3.110630489531229e-06,0.0003879131290021908,0.0003879131290021908,0.0051702361356507015
0.004076802226135893,2.4722683927193183e-24,2.472268392714976e-24,2.472268392714976e-24,2.472268392714976e-24,3.110630489531229e-06,3.110630489531229e-06,3.110630489531229e-06,0.0003879131290021908,0.0003879131290021908,0.0051702361356507015
0.004116232667363422,2.6837423077426714e-24,2.683742307736727e-24,2.683742307736727e-24,2.683742307736727e-24,3.110630489531229e-06,3.110630489531229e-06,3.110630489531229e-06,0.0003879131290021908,0.0003879131290021908,0.0051702361356507015
0.004156044476047394,2.913305365865477e-24,2.9133053658573448e-24,2.9133053658573448e-24,2.9133053658573448e-24,3.110630489531229e-06,3.110630489531229e-06,3.110630489531229e-06,0.0003879131290021908,0.0003879131290021908,0.0051702361356507015
0.004196241340737371,3.1625048836826105e-24,3.1625048836714918e-24,3.1625048836714918e-24,3.1625048836714918e-24,3.110630489531229e-06,3.110630489531229e-06,3.110630489531229e-06,0.0003879131290021908,0.0003879131290021908,0.0051702361356507015
0.004236826985658219,3.433020532795062e-24,3.4330205327798696e-24,3.4330205327798696e-24,3.4330205327798696e-24,3.110630489531229e-06,3.110630489531229e-06,3.110630489531229e-06,0.0003879131290021908,0.0003879131290021908,0.0051702361356507015
0.0042778051710551475,3.72667566124712e-24,3.726675661226374e-24,3.726675661226374e-24,3.726675661226374e-24,3.110630489531229e-06,3.110630489531229e-06,3.110630489531229e-06,0.0003879131290021908,0.0003879131290021908,0.0051702361356507015
0.004319179693542098,4.045449583381435e-24,4.045449583353122e-24,4.045449583353122e-24,4.045449583353122e-24,3.110630489531229e-06,3.110630489531229e-06,3.110630489531229e-06,0.0003879131290021908,0.0003879131290021908,0.0051702361356507015
0.004360954386453497,4.391490920948629e-24,4.3914909209100145e-24,4.3914909209100145e-24,4.3914909209100145e-24,3.110630489531229e-06,3.110630489531229e-06,3.110630489531229e-06,0.0003879131290021908,0.0003879131290021908,0.0051702361356507015
0.004403133120199424,4.767132085394417e-24,4.7671320853417855e-24,4.7671320853417855e-24,4.7671320853417855e-24,3.110630489531229e-06,3.110630489531229e-06,3.110630489531229e-06,0.0003879131290021908,0.0003879131290021908,0.0051702361356507015
0.004445719802624187,5.174904998938427e-24,5.174904998866735e-24,5.174904998866735e-24,5.174904998866735e-24,3.110630489531229e-06,3.110630489531229e-06,3.110630489531229e-06,0.0003879131290021908,0.0003879131290021908,0.0051702361356507015
0.004488718379368388,5.617558160409349e-24,5.6175581603117545e-24,5.6175581603117545e-24,5.6175581603117545e-24,3.110630489531229e-06,3.110630489531229e-06,3.110630489531229e-06,0.0003879131290021908,0.0003879131290021908,0.0051702361356507015
0.0045321328342344935,6.098075170864632e-24,6.098075170731858e-24,6.098075170731858e-24,6.098075170731858e-24,3.110630489531229e-06,3.110630489531229e-06,3.110630489531229e-06,0.0003879131290021908,0.0003879131290021908,0.0051702361356507015
0.004575967189555924,6.61969484386197e-24,6.619694843681448e-24,6.619694843681448e-24,6.619694843681448e-24,3.110630489531229e-06,3.110630489531229e-06,3.110630489531229e-06,0.0003879131290021908,0.0003879131290021908,0.0051702361356507015
0.004620225506569724,7.185933035931919e-24,7.185933035686631e-24,7.185933035686631e-24,7.185933035686631e-24,3.110630489531229e-06,3.110630489531229e-06,3.110630489531229e-06,0.0003879131290021908,0.0003879131290021908,0.0051702361356507015
0.004664911885792835,7.800606344394607e-24,7.800606344061523e-24,7.800606344061523e-24,7.800606344061523e-24,3.110630489531229e-06,3.110630489531229e-06,3.110630489531229e-06,0.0003879131290021908,0.0003879131290021908,0.0051702361356507015
0.0047100304674019995,8.467857832249604e-24,8.467857831797581e-24,8.467857831797581e-24,8.467857831797581e-24,3.110630489531229e-06,3.110630489531229e-06,3.110630489531229e-06,0.0003879131290021908,0.0003879131290021908,0.0051702361356507015
0.004755585431617371,9.192184953533312e-24,9.192184952920259e-24,9.192184952920259e-24,9.192184952920259e-24,3.110630489531229e-06,3.110630489531229e-06,3.110630489531229e-06,0.0003879131290021908,0.0003879131290021908,0.0051702361356507015
0.004801580999089776,9.978469867365821e-24,9.97846986653489e-24,9.97846986653489e-24,9.97846986653489e-24,3.110630489531229e-06,3.110630489531229e-06,3.110630489531229e-06,0.0003879131290021908,0.0003879131290021908,0.0051702361356507015
0.004848021431291778,1.0832012345014743e-23,1.0832012343889202e-23,1.0832012343889202e-23,1.0832012343889202e-23,3.110630489531229e-06,3.110630489531229e-06,3.110630489531229e-06,0.0003879131290021908,0.0003879131290021908,0.0051702361356507015
0.004894911030912493,1.1758565491776805e-23,1.1758565490253144e-23,1.1758565490253144e-23,1.1758565490253144e-23,3.110630489531229e-06,3.110630489531229e-06,3.110630489531229e-06,0.0003879131290021908,0.0003879131290021908,0.0051702361356507015
0.004942254142256238,1.2764374524452878e-23,1.2764374522391556e-23,1.2764374522391556e-23,1.2764374522391556e-23,3.110630489531229e-06,3.110630489531229e-06,3.110630489531229e-06,0.0003879131290021908,0.0003879131290021908,0.0051702361356507015
0.004990055151645025,1.385621886578821e-23,1.3856218863001235e-23,1.3856218863001235e-23,1.3856218863001235e-23,3.110630489531229e-06,3.110630489531229e-06,3.110630489531229e-06,0.0003879131290021908,0.0003879131290021908,0.0051702361356507015
0.005038318487824951,1.5041457839603257e-23,1.5041457835837517e-23,1.5041457835837517e-23,1.5041457835837517e-23,3.110630489531229e-06,3.110630489531229e-06,3.110630489531229e-06,0.0003879131290021908,0.0003879131290021908,0.0051702361356507015
0.005087048622376525,1.6328080274616378e-23,1.6328080269531298e-23,1.6328080269531298e-23,1.6328080269531298e-23,3.110630489531229e-06,3.110630489531229e-06,3.110630489531229e-06,0.0003879131290021908,0.0003879131290021908,0.0051702361356507015
0.0051362500701289514,1.772475835129932e-23,1.7724758344436932e-23,1.7724758344436932e-23,1.7724758344436932e-23,3.110630489531229e-06,3.110630489531229e-06,3.110630489531229e-06,0.0003879131290021908,0.0003879131290021908,0.0051702361356507015
0.005185927389578434,1.9240906054709228e-23,1.9240906045454088e-23,1.9240906045454088e-23,1.9240906045454088e-23,3.110630489531229e-06,3.110630489531229e-06,3.110630489531229e-06,0.0003879131290021908,0.0003879131290021908,0.0051702361356507015
0.005236085183310513,2.0886742627286365e-23,2.0886742614811933e-23,2.0886742614811933e-23,2.0886742614811933e-23,3.110630489531229e-06,3.110630489531229e-06,3.110630489531229e-06,0.0003879131290021908,0.0003879131290021908,0.0051702361356507015
0.0052867280984265,2.267336144930546e-23,2.2673361432502392e-23,2.2673361432502392e-23,2.2673361432502392e-23,3.110630489531229e-06,3.110630489531229e-06,3.110630489531229e-06,0.0003879131290021908,0.0003879131290021908,0.0051702361356507015
0.005337860826974014,2.4612804811257073e-23,2.4612804788637385e-23,2.4612804788637385e-23,2.4612804788637385e-23,3.110630489531229e-06,3.110630489531229e-06,3.110630489531229e-06,0.0003879131290021908,0.0003879131290021908,0.0051702361356507015
0.005389488106381734,2.67181450821468e-23,2.67181450517159e-23,2.67181450517159e-23,2.67181450517159e-23,3.110630489531229e-06,3.110630489531229e-06,3.110630489531229e-06,0.0003879131290021908,0.0003879131290021908,0.0051702361356507015
0.005441614719898274,2.900357282080639e-23,2.9003572779892286e-23,2.9003572779892286e-23,2.9003572779892286e-23,3.110630489531229e-06,3.110630489531229e-06,3.110630489531229e-06,0.0003879131290021908,0.0003879131290021908,0.0051702361356507015
0.005494245497035377,3.148449242412163e-23,3.148449236914711e-23,3.148449236914711e-23,3.148449236914711e-23,3.110630489531229e-06,3.110630489531229e-06,3.110630489531229e-06,0.0003879131290021908,0.0003879131290021908,0.0051702361356507015
0.005547385314015366,3.4177625956867967e-23,3.4177625883046945e-23,3.4177625883046945e-23,3.4177625883046945e-23,3.110630489531229e-06,3.110630489531229e-06,3.110630489531229e-06,0.0003879131290021908,0.0003879131290021908,0.0051702361356507015
0.005601039094222915,3.7101125863006454e-23,3.7101125763939505e-23,3.7101125763939505e-23,3.7101125763939505e-23,3.110630489531229e-06,3.110630489531229e-06,3.110630489531229e-06,0.0003879131290021908,0.0003879131290021908,0.0051702361356507015
0.005655211808661207,4.027469731814857e-23,4.027469718528445e-23,4.027469718528445e-23,4.027469718528445e-23,3.110630489531229e-06,3.110630489531229e-06,3.110630489531229e-06,0.0003879131290021908,0.0003879131290021908,0.0051702361356507015
0.00570990847641249,4.3719731047889346e-23,4.371973086980865e-23,4.371973086980865e-23,4.371973086980865e-23,3.110630489531229e-06,3.110630489531229e-06,3.110630489531229e-06,0.0003879131290021908,0.0003879131290021908,0.0051702361356507015
0.005765134165103091,4.7459447507251884e-23,4.7459447268714675e-23,4.7459447268714675e-23,4.7459447268714675e-23,3.110630489531229e-06,3.110630489531229e-06,3.110630489531229e-06,0.0003879131290021908,0.0003879131290021908,0.0051702361356507015
0.005820893991372952,5.151905339307464e-23,5.1519053073755e-23,5.1519053073755e-23,5.1519053073755e-23,3.110630489531229e-06,3.110630489531229e-06,3.110630489531229e-06,0.0003879131290021908,0.0003879131290021908,0.0051702361356507015
0.005877193121349648,5.592591154428477e-23,5.592591111709059e-23,5.592591111709059e-23,5.592591111709059e-23,3.110630489531229e-06,3.110630489531229e-06,3.110630489531229e-06,0.0003879131290021908,0.0003879131290021908,0.0051702361356507015
0.005934036771127054,6.070972537528051e-23,6.070972480412385e-23,6.070972480412385e-23,6.070972480412385e-23,3.110630489531229e-06,3.110630489531229e-06,3.110630489531229e-06,0.0003879131290021908,0.0003879131290021908,0.0051702361356507015
0.005991430207248604,6.590273908557755e-23,6.590273832241792e-23,6.590273832241792e-23,6.590273832241792e-23,3.110630489531229e-06,3.110630489531229e-06,3.110630489531229e-06,0.0003879131290021908,0.0003879131290021908,0.0051702361356507015
0.006049378747195238,7.153995499524665e-23,7.153995397617257e-23,7.153995397617257e-23,7.153995397617257e-23,3.110630489531229e-06,3.110630489531229e-06,3.110630489531229e-06,0.0003879131290021908,0.0003879131290021908,0.0051702361356507015
0.006107887759878061,7.765936947110172e-23,7.765936811114102e-23,7.765936811114102e-23,7.765936811114102e-23,3.110630489531229e-06,3.110630489531229e-06,3.110630489531229e-06,0.0003879131290021908,0.0003879131290021908,0.0051702361356507015
0.006166962666135776,8.430222903394629e-23,8.430222722019717e-23,8.430222722019717e-23,8.430222722019717e-23,3.110630489531229e-06,3.110630489531229e-06,3.110630489531229e-06,0.0003879131290021908,0.0003879131290021908,0.0051702361356507015
0.006226608939236915,9.151330837321348e-23,9.15133059557589e-23,9.15133059557589e-23,9.15133059557589e-23,3.110630489531229e-06,3.110630489531229e-06,3.110630489531229e-06,0.0003879131290021908,0.0003879131290021908,0.0051702361356507015
0.006286832105386944,9.934121214306043e-23,9.934120892295793e-23,9.934120892295793e-23,9.934120892295793e-23,3.110630489531229e-06,3.110630489531229e-06,3.110630489531229e-06,0.0003879131290021908,0.0003879131290021908,0.0051702361356507015
0.006347637744240258,1.0783870257430346e-22,1.0783869828771945e-22,1.0783869828771945e-22,1.0783869828771945e-22,3.110630489531229e-06,3.110630489531229e-06,3.110630489531229e-06,0.0003879131290021908,0.0003879131290021908,0.0051702361356507015
0.006409031489417134,1.1706305511064653e-22,1.1706304940791056e-22,1.1706304940791056e-22,1.1706304940791056e-22,3.110630489531229e-06,3.110630489531229e-06,3.110630489531229e-06,0.0003879131290021908,0.0003879131290021908,0.0051702361356507015
0.0064710190290256904,1.2707644446664915e-22,1.2707643688461951e-22,1.2707643688461951e-22,1.2707643688461951e-22,3.110630489531229e-06,3.110630489531229e-06,3.110630489531229e-06,0.0003879131290021908,0.0003879131290021908,0.0051702361356507015
0.006533606106188872,1.3794636371001676e-22,1.3794635363564463e-22,1.3794635363564463e-22,1.3794635363564463e-22,3.110630489531229e-06,3.110630489531229e-06,3.110630489531229e-06,0.0003879131290021908,0.0003879131290021908,0.0051702361356507015
0.00659679851957658,1.4974607919354785e-22,1.4974606581586776e-22,1.4974606581586776e-22,1.4974606581586776e-22,3.110630489531229e-06,3.110630489531229e-06,3.110630489531229e-06,0.0003879131290021908,0.0003879131290021908,0.0051702361356507015
0.0066606021239428775,1.6255512440388443e-22,1.625551066507951e-22,1.625551066507951e-22,1.625551066507951e-22,3.110630489531229e-06,3.110630489531229e-06,3.110630489531229e-06,0.0003879131290021908,0.0003879131290021908,0.0051702361356507015
0.0067250228306684565,1.7645983605675413e-22,1.7645981251182462e-22,1.7645981251182462e-22,1.7645981251182462e-22,3.110630489531229e-06,3.110630489531229e-06,3.110630489531229e-06,0.0003879131290021908,0.0003879131290021908,0.0051702361356507015
0.006790066608308315,1.9155393605349657e-22,1.9155390484655678e-22,1.9155390484655678e-22,1.9155390484655678e-22,3.110630489531229e-06,3.110630489531229e-06,3.110630489531229e-06,0.0003879131290021908,0.0003879131290021908,0.0051702361356507015
0.006855739483144748,2.0793916322314485e-22,2.0793912188649146e-22,2.0793912188649146e-22,2.0793912188649146e-22,3.1106304895312293e-06,3.1106304895312293e-06,3.1106304895312293e-06,0.0003879131290021908,0.0003879131290021908,0.0051702361356507015
0.0069220475397456715,2.2572595911046743e-22,2.2572590439000057e-22,2.2572590439000057e-22,2.2572590439000057e-22,3.1106304895312293e-06,3.1106304895312293e-06,3.1106304895312293e-06,0.0003879131290021908,0.0003879131290021908,0.0051702361356507015
0.006988996921528365,2.450342124353415e-22,2.4503414004266495e-22,2.4503414004266495e-22,2.4503414004266495e-22,3.1106304895312293e-06,3.1106304895312293e-06,3.1106304895312293e-06,0.0003879131290021908,0.0003879131290021908,0.0051702361356507015
0.007056593831328642,2.659940672451999e-22,2.6599397153243925e-22,2.6599397153243925e-22,2.6599397153243925e-22,3.1106304895312293e-06,3.1106304895312293e-06,3.1106304895312293e-06,0.0003879131290021908,0.0003879131290021908,0.0051702361356507015
0.0071248445319755755,2.887468002127654e-22,2.8874667374628592e-22,2.8874667374628592e-22,2.8874667374628592e-22,3.1106304895312293e-06,3.1106304895312293e-06,3.1106304895312293e-06,0.0003879131290021908,0.0003879131290021908,0.0051702361356507015
0.007193755346871697,3.134457729988474e-22,3.1344560600079664e-22,3.1344560600079664e-22,3.1344560600079664e-22,3.1106304895312293e-06,3.1106304895312293e-06,3.1106304895312293e-06,0.0003879131290021908,0.0003879131290021908,0.0051702361356507015
0.007263332660578893,3.402574661079748e-22,3.4025724572513696e-22,3.4025724572513696e-22,3.4025724572513696e-22,3.1106304895312293e-06,3.1106304895312293e-06,3.1106304895312293e-06,0.0003879131290021908,0.0003879131290021908,0.0051702361356507015
0.007333582919409919,3.6936260121640715e-22,3.69362310563584e-22,3.69362310563584e-22,3.69362310563584e-22,3.1106304895312293e-06,3.1106304895312293e-06,3.1106304895312293e-06,0.0003879131290021908,0.0003879131290021908,0.0051702361356507015
0.007404512632025653,4.009573595517258e-22,4.009569764609149e-22,4.009569764609149e-22,4.009569764609149e-22,3.1106304895312293e-06,3.1106304895312293e-06,3.1106304895312293e-06,0.0003879131290021908,0.0003879131290021908,0.0051702361356507015
0.007476128370038119,4.3525470455497125e-22,4.3525419994091e-22,4.3525419994091e-22,4.3525419994091e-22,3.1106304895312293e-06,3.1106304895312293e-06,3.1106304895312293e-06,0.0003879131290021908,0.0003879131290021908,0.0051702361356507015
0.007548436768619343,4.724858177646639e-22,4.724851534904488e-22,4.724851534904488e-22,4.724851534904488e-22,3.1106304895312293e-06,3.1106304895312293e-06,3.1106304895312293e-06,0.0003879131290021908,0.0003879131290021908,0.0051702361356507015
0.007621444527116099,5.129016576324211e-22,5.129007837240792e-22,5.129007837240792e-22,5.129007837240792e-22,3.1106304895312293e-06,3.1106304895312293e-06,3.1106304895312293e-06,0.0003879131290021908,0.0003879131290021908,0.0051702361356507015
0.007695158409670604,5.567746518177872e-22,5.567735028315472e-22,5.567735028315472e-22,5.567735028315472e-22,3.1106304895312293e-06,3.1106304895312293e-06,3.1106304895312293e-06,0.0003879131290021908,0.0003879131290021908,0.0051702361356507015
0.007769585245847212,6.044005344214288e-22,6.043990247089915e-22,6.043990247089915e-22,6.043990247089915e-22,3.1106304895312293e-06,3.1106304895312293e-06,3.1106304895312293e-06,0.0003879131290021908,0.0003879131290021908,0.0051702361356507015
0.007844731931265168,6.561003406084846e-22,6.560983581499599e-22,6.560983581499599e-22,6.560983581499599e-22,3.1106304895312297e-06,3.1106304895312297e-06,3.1106304895312297e-06,0.0003879131290021908,0.0003879131290021908,0.0051702361356507015
0.00792060542823749,7.122225721544196e-22,7.122199705307849e-22,7.122199705307849e-22,7.122199705307849e-22,3.1106304895312297e-06,3.1106304895312297e-06,3.1106304895312297e-06,0.0003879131290021908,0.0003879131290021908,0.0051702361356507015
0.007997212766416009,7.731455486236537e-22,7.731421365741752e-22,7.731421365741752e-22,7.731421365741752e-22,3.1106304895312297e-06,3.1106304895312297e-06,3.1106304895312297e-06,0.0003879131290021908,0.0003879131290021908,0.0051702361356507015
0.008074561043442707,8.392799601755435e-22,8.392754880223393e-22,8.392754880223393e-22,8.392754880223393e-22,3.1106304895312297e-06,3.1106304895312297e-06,3.1106304895312297e-06,0.0003879131290021908,0.0003879131290021908,0.0051702361356507015
0.00815265742560725,9.110716393938787e-22,9.110657814050759e-22,9.110657814050759e-22,9.110657814050759e-22,3.1106304895312297e-06,3.1106304895312297e-06,3.1106304895312297e-06,0.0003879131290021908,0.0003879131290021908,0.0051702361356507015
0.008231509148510981,9.890045710671956e-22,9.889969025583434e-22,9.889969025583434e-22,9.889969025583434e-22,3.1106304895312297e-06,3.1106304895312297e-06,3.1106304895312297e-06,0.0003879131290021908,0.0003879131290021908,0.0051702361356507015
0.008311123517737294,1.0736041605215838e-21,1.0735941281446477e-21,1.0735941281446475e-21,1.0735941281446475e-21,3.11063048953123e-06,3.11063048953123e-06,3.11063048953123e-06,0.0003879131290021908,0.0003879131290021908,0.0051702361356507015
0.008391507909528478,1.1654407829406208e-21,1.1654276661586115e-21,1.1654276661586114e-21,1.1654276661586114e-21,3.11063048953123e-06,3.11063048953123e-06,3.11063048953123e-06,0.0003879131290021908,0.0003879131290021908,0.0051702361356507015
0.008472669771469135,1.265133638117449e-21,1.2651164992818425e-21,1.2651164992818423e-21,1.2651164992818423e-21,3.11063048953123e-06,3.11063048953123e-06,3.11063048953123e-06,0.0003879131290021908,0.0003879131290021908,0.0051702361356507015
0.008554616623176197,1.3733549372914606e-21,1.3733325569922837e-21,1.3733325569922835e-21,1.3733325569922835e-21,3.11063048953123e-06,3.11063048953123e-06,3.11063048953123e-06,0.0003879131290021908,0.0003879131290021908,0.0051702361356507015
0.0086373560569956,1.4908344511512855e-21,1.4908052445490862e-21,1.4908052445490858e-21,1.4908052445490858e-21,3.1106304895312306e-06,3.1106304895312306e-06,3.1106304895312306e-06,0.0003879131290021908,0.0003879131290021908,0.0051702361356507015
0.008720895738705745,1.618364450765032e-21,1.61832635937979e-21,1.6183263593797894e-21,1.6183263593797894e-21,3.1106304895312306e-06,3.1106304895312306e-06,3.1106304895312306e-06,0.0003879131290021908,0.0003879131290021908,0.0051702361356507015
0.008805243408227694,1.7568050761597974e-21,1.7567554280073587e-21,1.756755428007358e-21,1.756755428007358e-21,3.1106304895312306e-06,3.1106304895312306e-06,3.1106304895312306e-06,0.0003879131290021908,0.0003879131290021908,0.0051702361356507015
0.00889040688034228,1.9070901705557895e-21,1.9070254994895446e-21,1.907025499489544e-21,1.907025499489544e-21,3.110630489531231e-06,3.110630489531231e-06,3.110630489531231e-06,0.0003879131290021908,0.0003879131290021908,0.0051702361356507015
0.008976394045414162,2.0702336219107026e-21,2.0701494344198e-21,2.070149434419799e-21,2.070149434419799e-21,3.110630489531231e-06,3.110630489531231e-06,3.110630489531231e-06,0.0003879131290021908,0.0003879131290021908,0.0051702361356507015
0.009063212870122841,2.247336257503617e-21,2.2472267318794257e-21,2.2472267318794238e-21,2.2472267318794238e-21,3.110630489531231e-06,3.110630489531231e-06,3.110630489531231e-06,0.0003879131290021908,0.0003879131290021908,0.0051702361356507015
0.009150871398200788,2.4395933418499134e-21,2.439450940356319e-21,2.439450940356317e-21,2.439450940356317e-21,3.1106304895312314e-06,3.1106304895312314e-06,3.1106304895312314e-06,0.0003879131290021908,0.0003879131290021908,0.0051702361356507015
0.009239377751178678,2.648302733370519e-21,2.648117702581969e-21,2.6481177025819655e-21,2.6481177025819655e-21,3.1106304895312314e-06,3.1106304895312314e-06,3.1106304895312314e-06,0.0003879131290021908,0.0003879131290021908,0.0051702361356507015
0.009328740129137862,2.8748737610366312e-21,2.8746334885110124e-21,2.874633488511008e-21,2.874633488511008e-21,3.110630489531232e-06,3.110630489531232e-06,3.110630489531232e-06,0.0003879131290021908,0.0003879131290021908,0.0051702361356507015
0.009418966811470085,3.1208368887937758e-21,3.1205250753060914e-21,3.1205250753060853e-21,3.1205250753060853e-21,3.1106304895312323e-06,3.1106304895312323e-06,3.1106304895312323e-06,0.0003879131290021908,0.0003879131290021908,0.0051702361356507015
0.009510066157644584,3.387854243080801e-21,3.387449838225474e-21,3.387449838225466e-21,3.387449838225466e-21,3.1106304895312323e-06,3.1106304895312323e-06,3.1106304895312323e-06,0.0003879131290021908,0.0003879131290021908,0.0051702361356507015
0.009602046607982579,3.677731087378843e-21,3.677206921776851e-21,3.67720692177684e-21,3.67720692177684e-21,3.1106304895312327e-06,3.1106304895312327e-06,3.1106304895312327e-06,0.0003879131290021908,0.0003879131290021908,0.0051702361356507015
0.009694916684439272,3.992428337670677e-21,3.9917493664340304e-21,3.991749366434015e-21,3.991749366434015e-21,3.110630489531233e-06,3.110630489531233e-06,3.110630489531233e-06,0.0003879131290021908,0.0003879131290021908,0.0051702361356507015
0.009788684991393388,4.3340762242321106e-21,4.333197272653562e-21,4.333197272653541e-21,4.333197272653541e-21,3.110630489531233e-06,3.110630489531233e-06,3.110630489531233e-06,0.0003879131290021908,0.0003879131290021908,0.0051702361356507015
0.009883360216444413,4.704989218650479e-21,4.703852090920813e-21,4.7038520909207836e-21,4.7038520909207836e-21,3.1106304895312335e-06,3.1106304895312335e-06,3.1106304895312335e-06,0.0003879131290021908,0.0003879131290021908,0.0051702361356507015
0.009978951131217434,5.107682360782316e-21,5.1062121341432634e-21,5.1062121341432235e-21,5.1062121341432235e-21,3.110630489531234e-06,3.110630489531234e-06,3.110630489531234e-06,0.0003879131290021908,0.0003879131290021908,0.0051702361356507015
0.010075466592175864,5.544889139044184e-21,5.5429894169499384e-21,5.542989416949884e-21,5.542989416949884e-21,3.1106304895312344e-06,3.1106304895312344e-06,3.1106304895312344e-06,0.0003879131290021908,0.0003879131290021908,0.0051702361356507015
0.010172915541441984,6.01958109961086e-21,6.017127935397441e-21,6.017127935397367e-21,6.017127935397367e-21,3.1106304895312352e-06,3.1106304895312352e-06,3.1106304895312352e-06,0.0003879131290021908,0.0003879131290021908,0.0051702361356507015
0.01027130700762543,6.5349893865800134e-21,6.5318235102932534e-21,6.5318235102931526e-21,6.5318235102931526e-21,3.1106304895312356e-06,3.1106304895312356e-06,3.1106304895312356e-06,0.0003879131290021908,0.0003879131290021908,0.0051702361356507015
0.01037065010665968,7.094628446941916e-21,7.090545327885226e-21,7.090545327885089e-21,7.090545327885089e-21,3.110630489531236e-06,3.110630489531236e-06,3.110630489531236e-06,0.0003879131290021908,0.0003879131290021908,0.0051702361356507015
0.01047095404264666,7.702322172512359e-21,7.697059323107388e-21,7.697059323107201e-21,7.697059323107201e-21,3.110630489531237e-06,3.110630489531237e-06,3.110630489531237e-06,0.0003879131290021908,0.0003879131290021908,0.0051702361356507015
0.01057222810870948,8.36223279739562e-21,8.355453562991994e-21,8.355453562991741e-21,8.355453562991741e-21,3.1106304895312373e-06,3.1106304895312373e-06,3.1106304895312373e-06,0.0003879131290021908,0.0003879131290021908,0.0051702361356507015
0.01067448168785345,9.078892925975378e-21,9.070165801337646e-21,9.070165801337302e-21,9.070165801337302e-21,3.110630489531238e-06,3.110630489531238e-06,3.110630489531238e-06,0.0003879131290021908,0.0003879131290021908,0.0051702361356507015
0.010777724253835413,9.857241135308617e-21,9.846013390360502e-21,9.846013390360035e-21,9.846013390360035e-21,3.110630489531239e-06,3.110630489531239e-06,3.110630489531239e-06,0.0003879131290021908,0.0003879131290021908,0.0051702361356507015
0.010881965372041478,1.0702661680131873e-20,1.0688225750940757e-20,1.0688225750940125e-20,1.0688225750940125e-20,3.11063048953124e-06,3.11063048953124e-06,3.11063048953124e-06,0.0003879131290021908,0.0003879131290021908,0.0051702361356507015
0.010987214700373248,1.1621028932256716e-20,1.1602479620321735e-20,1.1602479620320878e-20,1.1602479620320878e-20,3.1106304895312407e-06,3.1106304895312407e-06,3.1106304895312407e-06,0.0003879131290021908,0.0003879131290021908,0.0051702361356507015
0.011093481990142647,1.2618757313643424e-20,1.259493731484235e-20,1.2594937314841188e-20,1.2594937314841188e-20,3.1106304895312416e-06,3.1106304895312416e-06,3.1106304895312416e-06,0.0003879131290021908,0.0003879131290021908,0.0051702361356507015
0.011200777086975337,1.370285763976861e-20,1.3672288265601797e-20,1.3672288265600226e-20,1.3672288265600226e-20,3.110630489531243e-06,3.110630489531243e-06,3.110630489531243e-06,0.0003879131290021908,0.0003879131290021908,0.0051702361356507015
0.011309109931722934,1.488100098439954e-20,1.4841794107019914e-20,1.4841794107017787e-20,1.4841794107017787e-20,3.110630489531244e-06,3.110630489531244e-06,3.110630489531244e-06,0.0003879131290021908,0.0003879131290021908,0.0051702361356507015
0.011418490561384022,1.6161591417699696e-20,1.611133762220148e-20,1.6111337622198605e-20,1.6111337622198605e-20,3.1106304895312454e-06,3.1106304895312454e-06,3.1106304895312454e-06,0.0003879131290021908,0.0003879131290021908,0.0051702361356507015
0.011528929110034069,1.7553849268152515e-20,1.7489475875008306e-20,1.748947587500442e-20,1.748947587500442e-20,3.1106304895312467e-06,3.1106304895312467e-06,3.1106304895312467e-06,0.0003879131290021908,0.0003879131290021908,0.0051702361356507015
0.011640435809764368,1.9067906929352996e-20,1.8985497886966058e-20,1.8985497886960812e-20,1.8985497886960812e-20,3.1106304895312483e-06,3.1106304895312483e-06,3.1106304895312483e-06,0.0003879131290021908,0.0003879131290021908,0.0051702361356507015
0.011753020991630005,2.0714919693024794e-20,2.0609487247760425e-20,2.060948724775335e-20,2.060948724775335e-20,3.11063048953125e-06,3.11063048953125e-06,3.11063048953125e-06,0.0003879131290021908,0.0003879131290021908,0.0051702361356507015
0.011866695086607046,2.2507194661817237e-20,2.237239008133697e-20,2.2372390081327428e-20,2.2372390081327428e-20,3.1106304895312517e-06,3.1106304895312517e-06,3.1106304895312517e-06,0.0003879131290021908,0.0003879131290021908,0.0051702361356507015
0.011981468626558963,2.4458341507045915e-20,2.428608882571345e-20,2.428608882570059e-20,2.428608882570059e-20,3.110630489531254e-06,3.110630489531254e-06,3.110630489531254e-06,0.0003879131290021908,0.0003879131290021908,0.0051702361356507015
0.012097352245212396,2.6583449721851873e-20,2.6363482323798584e-20,2.636348232378126e-20,2.636348232378126e-20,3.110630489531256e-06,3.110630489531256e-06,3.110630489531256e-06,0.00038791312900219086,0.00038791312900219086,0.0051702361356507015
0.012214356679142389,2.889929812190479e-20,2.861857276505486e-20,2.861857276503154e-20,2.861857276503154e-20,3.110630489531258e-06,3.110630489531258e-06,3.110630489531258e-06,0.00038791312900219086,0.00038791312900219086,0.0051702361356507015
0.012332492768767099,3.142460371673407e-20,3.10665600640106e-20,3.1066560063979233e-20,3.1066560063979233e-20,3.1106304895312606e-06,3.1106304895312606e-06,3.1106304895312606e-06,0.00038791312900219086,0.00038791312900219086,0.0051702361356507015
0.012451771459352173,3.418031878090154e-20,3.3723944311761894e-20,3.372394431171972e-20,3.372394431171972e-20,3.110630489531263e-06,3.110630489531263e-06,3.110630489531263e-06,0.00038791312900219086,0.00038791312900219086,0.0051702361356507015
0.01257220380202482,3.718998707722247e-20,3.660863699101352e-20,3.6608636990956854e-20,3.6608636990956854e-20,3.110630489531266e-06,3.110630489531266e-06,3.110630489531266e-06,0.00038791312900219086,0.00038791312900219086,0.0051702361356507015
0.012693800954797694,4.048017282551805e-20,3.974008170427701e-20,3.974008170420093e-20,3.974008170420093e-20,3.1106304895312695e-06,3.1106304895312695e-06,3.1106304895312695e-06,0.00038791312900219086,0.00038791312900219086,0.0051702361356507015
0.012816574183602691,4.408097929565985e-20,4.313938522896711e-20,4.3139385228865015e-20,4.3139385228865015e-20,3.110630489531273e-06,3.110630489531273e-06,3.110630489531273e-06,0.00038791312900219086,0.00038791312900219086,0.0051702361356507015
0.012940534863334711,4.802667798873238e-20,4.6829459782744505e-20,4.682945978260759e-20,4.682945978260759e-20,3.1106304895312767e-06,3.1106304895312767e-06,3.1106304895312767e-06,0.00038791312900219086,0.00038791312900219086,0.0051702361356507015
0.013065694478905552,5.2356474447894616e-20,5.083517745800857e-20,5.083517745782507e-20,5.083517745782507e-20,3.110630489531281e-06,3.110630489531281e-06,3.110630489531281e-06,0.00038791312900219086,0.00038791312900219086,0.0051702361356507015
0.01319206462630798,5.711544304970729e-20,5.518353786647539e-20,5.51835378662296e-20,5.51835378662296e-20,3.110630489531285e-06,3.110630489531285e-06,3.110630489531285e-06,0.00038791312900219086,0.00038791312900219086,0.0051702361356507015
0.013319657013690096,6.235567096247782e-20,5.990385012379985e-20,5.990385012347086e-20,5.990385012347086e-20,3.1106304895312903e-06,3.1106304895312903e-06,3.1106304895312903e-06,0.00038791312900219086,0.00038791312900219086,0.0051702361356507015
0.013448483462440083,6.813766118545089e-20,6.502793040088027e-20,6.502793040044016e-20,6.502793040044016e-20,3.1106304895312954e-06,3.1106304895312954e-06,3.1106304895312954e-06,0.00038791312900219086,0.00038791312900219086,0.0051702361356507015
0.01357855590828148,7.453205665189035e-20,7.059031637338703e-20,7.059031637279864e-20,7.059031637279864e-20,3.110630489531301e-06,3.110630489531301e-06,3.110630489531301e-06,0.00038791312900219086,0.00038791312900219086,0.0051702361356507015
0.01370988640237898,8.162176234635071e-20,7.662850001495912e-20,7.6628500014173e-20,7.6628500014173e-20,3.1106304895313072e-06,3.1106304895313072e-06,3.1106304895313072e-06,0.00038791312900219086,0.00038791312900219086,0.0051702361356507015
0.013842487112454997,8.95045609374274e-20,8.318318030316894e-20,8.318318030211926e-20,8.318318030211926e-20,3.110630489531314e-06,3.110630489531314e-06,3.110630489531314e-06,0.0003879131290021909,0.0003879131290021909,0.0051702361356507015
0.013976370323916994,9.829634040703372e-20,9.029853754154677e-20,9.029853754014605e-20,9.029853754014605e-20,3.110630489531321e-06,3.110630489531321e-06,3.110630489531321e-06,0.0003879131290021909,0.0003879131290021909,0.0051702361356507015
0.01411154844099571,1.0813508060664772e-19,9.80225311466813e-20,9.802253114481332e-20,9.802253114481332e-20,3.110630489531329e-06,3.110630489531329e-06,3.110630489531329e-06,0.0003879131290021909,0.0003879131290021909,0.0051702361356507015
0.014248033987894438,1.1918578087075482e-19,1.0640722290755752e-19,1.0640722290506794e-19,1.0640722290506794e-19,3.1106304895313377e-06,3.1106304895313377e-06,3.1106304895313377e-06,0.0003879131290021909,0.0003879131290021909,0.0051702361356507015
0.014385839609949352,1.316465543431892e-19,1.1550912789597847e-19,1.155091278926625e-19,1.155091278926625e-19,3.110630489531347e-06,3.110630489531347e-06,3.110630489531347e-06,0.0003879131290021909,0.0003879131290021909,0.0051702361356507015
0.014524978074801109,1.457561684591542e-19,1.2538959539331951e-19,1.253895953889056e-19,1.253895953889056e-19,3.110630489531357e-06,3.110630489531357e-06,3.110630489531357e-06,0.0003879131290021909,0.0003879131290021909,0.0051702361356507015
0.014665462273577767,1.6180337745177557e-19,1.3611522240114188e-19,1.3611522239527013e-19,1.3611522239527013e-19,3.1106304895313678e-06,3.1106304895313678e-06,3.1106304895313678e-06,0.00038791312900219097,0.00038791312900219097,0.0051702361356507015
0.014807305222089137,1.8013847473491966e-19,1.477583025228569e-19,1.4775830251505066e-19,1.4775830251505066e-19,3.1106304895313796e-06,3.1106304895313796e-06,3.1106304895313796e-06,0.00038791312900219097,0.00038791312900219097,0.0051702361356507015
0.014950520062032714,2.0118759413173005e-19,1.6039731324201824e-19,1.603973132316466e-19,1.603973132316466e-19,3.1106304895313928e-06,3.1106304895313928e-06,3.1106304895313928e-06,0.00038791312900219097,0.00038791312900219097,0.0051702361356507015
0.015095120062211219,2.2547041355583004e-19,1.7411744488161706e-19,1.7411744486784555e-19,1.7411744486784553e-19,3.1106304895314067e-06,3.1106304895314067e-06,3.1106304895314067e-06,0.00038791312900219097,0.00038791312900219097,0.0051702361356507015
0.015241118619761967,2.5362206827937767e-19,1.8901117480973535e-19,1.8901117479146078e-19,1.8901117479146075e-19,3.110630489531422e-06,3.110630489531422e-06,3.110630489531422e-06,0.000387913129002191,0.000387913129002191,0.0051702361356507015
0.015388529261398106,2.8642026991012376e-19,2.051788907618256e-19,2.0517889073759059e-19,2.0517889073759056e-19,3.1106304895314385e-06,3.1106304895314385e-06,3.1106304895314385e-06,0.000387913129002191,0.000387913129002191,0.0051702361356507015
0.015537365644661849,3.248188596843442e-19,2.227295674810056e-19,2.2272956744888604e-19,2.22729567448886e-19,3.1106304895314563e-06,3.1106304895314563e-06,3.1106304895314563e-06,0.000387913129002191,0.000387913129002191,0.0051702361356507015
0.015687641559189877,3.6998931048330403e-19,2.417815012370977e-19,2.4178150119455493e-19,2.417815011945549e-19,3.1106304895314758e-06,3.1106304895314758e-06,3.1106304895314758e-06,0.0003879131290021911,0.0003879131290021911,0.0051702361356507015
0.015839370927990894,4.2337204308843404e-19,2.624631071752536e-19,2.6246310711894003e-19,2.6246310711894e-19,3.110630489531497e-06,3.110630489531497e-06,3.110630489531497e-06,0.0003879131290021911,0.0003879131290021911,0.0051702361356507015
0.015992567808735623,4.867398532363125e-19,2.849137848685493e-19,2.849137847940538e-19,2.849137847940537e-19,3.11063048953152e-06,3.11063048953152e-06,3.11063048953152e-06,0.00038791312900219113,0.00038791312900219113,0.0051702361356507015
0.01614724639505923,5.622762748591507e-19,3.0928485790856383e-19,3.0928485781007716e-19,3.09284857810077e-19,3.110630489531545e-06,3.110630489531545e-06,3.110630489531545e-06,0.00038791312900219113,0.00038791312900219113,0.0051702361356507015
0.01630342101787635,6.526723532388773e-19,3.3574059386707954e-19,3.357405937369561e-19,3.357405937369559e-19,3.110630489531572e-06,3.110630489531572e-06,3.110630489531572e-06,0.0003879131290021912,0.0003879131290021912,0.0051702361356507015
0.016461106146708898,7.612460961310912e-19,3.6445931150371374e-19,3.6445931133189763e-19,3.644593113318974e-19,3.110630489531601e-06,3.110630489531601e-06,3.110630489531601e-06,0.0003879131290021912,0.0003879131290021912,0.0051702361356507015
0.01662031639102657,8.920898434340367e-19,3.9563458268233663e-19,3.9563458245561e-19,3.9563458245560966e-19,3.110630489531633e-06,3.110630489531633e-06,3.110630489531633e-06,0.00038791312900219124,0.00038791312900219124,0.0051702361356507015
0.01678106650160048,1.0502519858432074e-18,4.2947653709760287e-19,4.294765367986025e-19,4.2947653679860206e-19,3.1106304895316676e-06,3.1106304895316676e-06,3.1106304895316676e-06,0.00038791312900219124,0.00038791312900219124,0.005170236135650702
0.01694337137186979,1.2419609177143115e-18,4.662132786057033e-19,4.662132782116351e-19,4.662132782116345e-19,3.1106304895317053e-06,3.1106304895317053e-06,3.1106304895317053e-06,0.0003879131290021913,0.0003879131290021913,0.005170236135650702
0.017107246039321577,1.4749008868141927e-18,5.060924227059254e-19,5.060924221868848e-19,5.06092422186884e-19,3.110630489531746e-06,3.110630489531746e-06,3.110630489531746e-06,0.00038791312900219135,0.00038791312900219135,0.005170236135650702
0.017272705686884042,1.7585515738352154e-18,5.493827655360054e-19,5.493827648527836e-19,5.493827648527825e-19,3.11063048953179e-06,3.11063048953179e-06,3.11063048953179e-06,0.0003879131290021914,0.0003879131290021914,0.005170236135650702
0.01743976564433325,2.1046058824300782e-18,5.963760956308012e-19,5.963760947320229e-19,5.963760947320215e-19,3.1106304895318383e-06,3.1106304895318383e-06,3.1106304895318383e-06,0.00038791312900219145,0.00038791312900219145,0.005170236135650702
0.01760844138971336,2.527483648989855e-18,6.473891606561156e-19,6.473891594745065e-19,6.4738915947450445e-19,3.1106304895318904e-06,3.1106304895318904e-06,3.1106304895318904e-06,0.0003879131290021915,0.0003879131290021915,0.005170236135650702
0.01777874855077071,3.044962915005407e-18,7.0276580237391e-19,7.027658008214314e-19,7.027658008214287e-19,3.1106304895319467e-06,3.1106304895319467e-06,3.1106304895319467e-06,0.00038791312900219156,0.00038791312900219156,0.005170236135650702
0.017950702906401703,3.678955194302486e-18,7.6287927422938355e-19,7.628792721908969e-19,7.628792721908932e-19,3.110630489532008e-06,3.110630489532008e-06,3.110630489532008e-06,0.0003879131290021916,0.0003879131290021916,0.005170236135650702
0.018124320388114703,4.456456994857079e-18,8.2813475718103725e-19,8.281347545060569e-19,8.281347545060519e-19,3.110630489532075e-06,3.110630489532075e-06,3.110630489532075e-06,0.00038791312900219167,0.00038791312900219167,0.005170236135650702
0.01829961708150614,5.410716940284477e-18,8.989720907312877e-19,8.989720872232535e-19,8.989720872232467e-19,3.1106304895321475e-06,3.1106304895321475e-06,3.1106304895321475e-06,0.0003879131290021917,0.0003879131290021917,0.005170236135650702
0.018476609227750757,6.582666444982358e-18,9.75868737565604e-19,9.758687329679366e-19,9.758687329679276e-19,3.110630489532226e-06,3.110630489532226e-06,3.110630489532226e-06,0.00038791312900219183,0.00038791312900219183,0.005170236135650702
0.018655313225106395,8.022672349569351e-18,1.0593430017828432e-18,1.0593429957608289e-18,1.0593429957608167e-18,3.1106304895323114e-06,3.1106304895323114e-06,3.1106304895323114e-06,0.00038791312900219194,0.00038791312900219194,0.005170236135650702
0.018835745630433283,9.792682605667993e-18,1.149957522408813e-18,1.1499575145260849e-18,1.1499575145260685e-18,3.1106304895324037e-06,3.1106304895324037e-06,3.1106304895324037e-06,0.000387913129002192,0.000387913129002192,0.005170236135650702
0.019017923160728003,1.1968851476110546e-17,1.2483230657405346e-18,1.2483230554285603e-18,1.2483230554285381e-18,3.1106304895325045e-06,3.1106304895325045e-06,3.1106304895325045e-06,0.0003879131290021921,0.0003879131290021921,0.005170236135650703
0.01920186269467236,1.4644749347699688e-17,1.355102642083115e-18,1.3551026286016324e-18,1.3551026286016027e-18,3.1106304895326133e-06,3.1106304895326133e-06,3.1106304895326133e-06,0.0003879131290021922,0.0003879131290021922,0.005170236135650703
0.019387581274197128,1.7935284811491995e-17,1.4710159746275919e-18,1.4710159570133469e-18,1.4710159570133068e-18,3.110630489532732e-06,3.110630489532732e-06,3.110630489532732e-06,0.0003879131290021924,0.0003879131290021924,0.005170236135650703
0.019575096106061014,2.1981493958571373e-17,1.5968443505919098e-18,1.5968443275922728e-18,1.596844327592219e-18,3.1106304895328603e-06,3.1106304895328603e-06,3.1106304895328603e-06,0.0003879131290021925,0.0003879131290021925,0.005170236135650703
0.019764424563444846,2.6956384838162827e-17,1.7334358873239575e-18,1.7334358573110204e-18,1.7334358573109482e-18,3.110630489533e-06,3.110630489533e-06,3.110630489533e-06,0.00038791312900219265,0.00038791312900219265,0.005170236135650703
0.019955584187561187,3.307206489440777e-17,1.8817112488626502e-18,1.8817112097221293e-18,1.8817112097220326e-18,3.1106304895331516e-06,3.1106304895331516e-06,3.1106304895331516e-06,0.0003879131290021928,0.0003879131290021928,0.005170236135650703
0.020148592689279567,4.058842733469737e-17,2.0426698514897778e-18,2.0426698004774317e-18,2.042669800477302e-18,3.110630489533316e-06,3.110630489533316e-06,3.110630489533316e-06,0.00038791312900219297,0.00038791312900219297,0.005170236135650704
0.020343467950767316,4.982373045923838e-17,2.2173966001014496e-18,2.2173965336576288e-18,2.2173965336574547e-18,3.1106304895334943e-06,3.1106304895334943e-06,3.1106304895334943e-06,0.00038791312900219313,0.00038791312900219313,0.005170236135650704
0.020540228027146386,6.116747400161944e-17,2.4070692008065235e-18,2.407069114316799e-18,2.4070691143165657e-18,3.1106304895336882e-06,3.1106304895336882e-06,3.1106304895336882e-06,0.00038791312900219335,0.00038791312900219335,0.005170236135650704
0.02073889114816614,7.509606088979998e-17,2.6129660990440303e-18,2.612965986530421e-18,2.6129659865301087e-18,3.1106304895338987e-06,3.1106304895338987e-06,3.1106304895338987e-06,0.00038791312900219357,0.00038791312900219357,0.005170236135650704
0.020939475719892343,9.219183440074932e-17,2.836475096728524e-18,2.8364749504514595e-18,2.8364749504510416e-18,3.110630489534127e-06,3.110630489534127e-06,3.110630489534127e-06,0.0003879131290021938,0.0003879131290021938,0.005170236135650705
0.021142000326412447,1.1316620287174093e-16,3.079102706510018e-18,3.079102516455559e-18,3.0791025164550006e-18,3.1106304895343747e-06,3.1106304895343747e-06,3.1106304895343747e-06,0.00038791312900219406,0.00038791312900219406,0.005170236135650705
0.021346483731557453,1.388877110312734e-16,3.3424843062056097e-18,3.342484059425275e-18,3.3424840594245286e-18,3.110630489534644e-06,3.110630489534644e-06,3.110630489534644e-06,0.00038791312900219433,0.00038791312900219433,0.005170236135650705
0.021552944880640315,1.7041609349428436e-16,3.628395161853961e-18,3.628394841615342e-18,3.628394841614345e-18,3.1106304895349363e-06,3.1106304895349363e-06,3.1106304895349363e-06,0.00038791312900219465,0.00038791312900219465,0.005170236135650706
0.02176140290221125,2.090435578358092e-16,3.9387623937019306e-18,3.938761978396567e-18,3.938761978395236e-18,3.110630489535253e-06,3.110630489535253e-06,3.110630489535253e-06,0.000387913129002195,0.000387913129002195,0.005170236135650706
0.02197187710982998,2.5634479882884124e-16,4.275677965790437e-18,4.2756774275304845e-18,4.27567742752871e-18,3.1106304895355974e-06,3.1106304895355974e-06,3.1106304895355974e-06,0.0003879131290021953,0.0003879131290021953,0.005170236135650706
0.022184387003855124,3.142375501345996e-16,4.641412786709495e-18,4.641412089525675e-18,4.64141208952331e-18,3.110630489535971e-06,3.110630489535971e-06,3.110630489535971e-06,0.0003879131290021957,0.0003879131290021957,0.005170236135650707
0.022398952273250932,3.8505584475144536e-16,5.0384320165876e-18,5.038431114116619e-18,5.03843111411347e-18,3.1106304895363767e-06,3.1106304895363767e-06,3.1106304895363767e-06,0.0003879131290021961,0.0003879131290021961,0.005170236135650707
0.0226155927974114,4.71638592488938e-16,5.469411683515225e-18,5.469410516033966e-18,5.4694105160297736e-18,3.110630489536817e-06,3.110630489536817e-06,3.110630489536817e-06,0.00038791312900219655,0.00038791312900219655,0.005170236135650708
0.022834328648002146,5.774366054410942e-16,5.937256721437575e-18,5.9372552120619695e-18,5.937255212056391e-18,3.1106304895372953e-06,3.1106304895372953e-06,3.1106304895372953e-06,0.0003879131290021971,0.0003879131290021971,0.005170236135650708
0.023055180090819995,7.066418272653256e-16,6.445120551140172e-18,6.4451186009566405e-18,6.4451186009492234e-18,3.110630489537814e-06,3.110630489537814e-06,3.110630489537814e-06,0.0003879131290021976,0.0003879131290021976,0.0051702361356507085
0.02327816758767063,8.643432684491972e-16,6.996426336365676e-18,6.996423818199402e-18,6.996423818189548e-18,3.1106304895383774e-06,3.1106304895383774e-06,3.1106304895383774e-06,0.0003879131290021982,0.0003879131290021982,0.005170236135650709
0.023503311798264384,1.056715040666604e-15,7.594890058405221e-18,7.594886808848712e-18,7.594886808835625e-18,3.110630489538989e-06,3.110630489538989e-06,3.110630489538989e-06,0.0003879131290021988,0.0003879131290021988,0.00517023613565071
0.023730633582130303,1.2912429460172055e-15,8.244545564783407e-18,8.244541374006247e-18,8.244541373988878e-18,3.110630489539653e-06,3.1106304895396526e-06,3.1106304895396526e-06,0.0003879131290021995,0.0003879131290021995,0.00517023613565071
0.023960154000548815,1.5769973436125766e-15,8.949771760988288e-18,8.949766359718895e-18,8.949766359695857e-18,3.1106304895403734e-06,3.110630489540373e-06,3.110630489540373e-06,0.00038791312900220024,0.00038791312900220024,0.005170236135650711
0.02419189431850303,1.924961524684607e-15,9.715322128670148e-18,9.715315171575418e-18,9.715315171544883e-18,3.1106304895411557e-06,3.1106304895411552e-06,3.1106304895411552e-06,0.00038791312900220105,0.00038791312900220105,0.005170236135650712
0.024425876006648944,2.3484266230989237e-15,1.05463567694556e-17,1.0546347813935459e-17,1.0546347813895011e-17,3.110630489542005e-06,3.1106304895420044e-06,3.1106304895420044e-06,0.0003879131290022019,0.0003879131290022019,0.005170236135650713
0.0246621207433047,2.8634662239075904e-15,1.1448477190594032e-17,1.1448465669743427e-17,1.1448465669689883e-17,3.1106304895429272e-06,3.1106304895429264e-06,3.1106304895429264e-06,0.0003879131290022029,0.0003879131290022029,0.005170236135650714
0.02490065041645905,3.4895063709284357e-15,1.2427764067195372e-17,1.2427749255351723e-17,1.2427749255280881e-17,3.1106304895439276e-06,3.1106304895439267e-06,3.1106304895439267e-06,0.0003879131290022039,0.0003879131290022039,0.005170236135650715
0.025141487125799267,4.2500096889952285e-15,1.3490818235961656e-17,1.3490799204832807e-17,1.3490799204739142e-17,3.1106304895450143e-06,3.110630489545013e-06,3.110630489545013e-06,0.00038791312900220506,0.00038791312900220506,0.005170236135650716
0.0253846531847587,5.173295914268957e-15,1.4644805197189514e-17,1.4644780760022956e-17,1.464478075989919e-17,3.1106304895461934e-06,3.110630489546192e-06,3.110630489546192e-06,0.00038791312900220625,0.00038791312900220625,0.005170236135650717
0.02563017112258408,6.293525368920113e-15,1.5897503425595817e-17,1.5897472066175263e-17,1.5897472066011824e-17,3.1106304895474737e-06,3.110630489547472e-06,3.110630489547472e-06,0.00038791312900220755,0.00038791312900220755,0.005170236135650719
0.025878063686422884,7.651876944602398e-15,1.725735681634036e-17,1.725731659874469e-17,1.7257316598528992e-17,3.1106304895488632e-06,3.110630489548861e-06,3.110630489548861e-06,0.000387913129002209,0.000387913129002209,0.005170236135650721
0.026128353843430797,9.297958113403673e-15,1.8733531620691755e-17,1.8733480074678134e-17,1.8733480074393648e-17,3.1106304895503727e-06,3.1106304895503697e-06,3.1106304895503697e-06,0.0003879131290022106,0.0003879131290022106,0.005170236135650722
0.026381064782899644,1.1291491530837328e-14,2.033597825628533e-17,2.0335912231806182e-17,2.0335912231431202e-17,3.110630489552011e-06,3.110630489552007e-06,3.110630489552007e-06,0.00038791312900221227,0.00038791312900221227,0.005170236135650724
0.026636219918405868,1.3704331126961662e-14,2.2075498410083684e-17,2.2075413892744602e-17,2.2075413892250652e-17,3.1106304895537887e-06,3.110630489553784e-06,3.110630489553784e-06,0.0003879131290022141,0.0003879131290022141,0.005170236135650726
0.026893842889979775,1.6622870426282384e-14,2.3963817888214446e-17,2.3963709765337796e-17,2.396370976468753e-17,3.1106304895557196e-06,3.1106304895557136e-06,3.1106304895557136e-06,0.00038791312900221607,0.00038791312900221607,0.0051702361356507276
0.027153957566295777,2.0150917460965582e-14,2.6013665706069284e-17,2.601352747033434e-17,2.601352746947882e-17,3.1106304895578155e-06,3.110630489557808e-06,3.110630489557808e-06,0.00038791312900221823,0.00038791312900221823,0.00517023613565073
0.027416588046883864,2.4413124356582493e-14,2.823885995472197e-17,2.823868332896718e-17,2.8238683327842326e-17,3.1106304895600907e-06,3.1106304895600813e-06,3.1106304895600813e-06,0.00038791312900222057,0.00038791312900222057,0.005170236135650732
0.02768175866436233,2.9559075839349945e-14,3.065440102614292e-17,3.0654175488664956e-17,3.0654175487186884e-17,3.110630489562561e-06,3.110630489562549e-06,3.110630489562549e-06,0.0003879131290022231,0.0003879131290022231,0.0051702361356507345
0.02794949398669224,3.5768159964066046e-14,3.327657283024134e-17,3.327628501459078e-17,3.3276285012649784e-17,3.110630489565243e-06,3.1106304895652283e-06,3.1106304895652283e-06,0.00038791312900222593,0.00038791312900222593,0.005170236135650738
0.028219818819453634,4.3255366789297894e-14,3.612305269180807e-17,3.6122685628391454e-17,3.6122685625844136e-17,3.1106304895681557e-06,3.1106304895681366e-06,3.1106304895681366e-06,0.0003879131290022289,0.0003879131290022289,0.005170236135650741
0.028492758208143724,5.2278187110044447e-14,3.921303067540939e-17,3.921256283382303e-17,3.921256283048205e-17,3.1106304895713177e-06,3.110630489571294e-06,3.110630489571294e-06,0.00038791312900223217,0.00038791312900223217,0.005170236135650744
0.02876833744049743,6.31448143731217e-14,4.2567339151677236e-17,4.256674323219762e-17,4.2566743227818425e-17,3.110630489574751e-06,3.110630489574721e-06,3.110630489574721e-06,0.0003879131290022357,0.0003879131290022357,0.0051702361356507475
0.029046582048830184,7.622388933284709e-14,4.62085934897512e-17,4.620783489926498e-17,4.620783489352851e-17,3.110630489578479e-06,3.110630489578441e-06,3.110630489578441e-06,0.00038791312900223954,0.00038791312900223954,0.005170236135650752
0.02932751781240353,9.195606976889732e-14,5.016134483849338e-17,5.0160379769713306e-17,5.016037976220354e-17,3.1106304895825273e-06,3.1106304895824794e-06,3.1106304895824794e-06,0.0003879131290022437,0.0003879131290022437,0.005170236135650756
0.02961117075981358,1.1086775774758126e-13,5.4452246044130426e-17,5.445101905639982e-17,5.4451019046574695e-17,3.110630489586924e-06,3.1106304895868637e-06,3.1106304895868637e-06,0.00038791312900224827,0.00038791312900224827,0.0051702361356507605
0.029897567171402517,1.335873756974502e-13,5.911023184494825e-17,5.91086728192776e-17,5.910867280643122e-17,3.1106304895916977e-06,3.1106304895916223e-06,3.1106304895916223e-06,0.00038791312900225315,0.00038791312900225315,0.005170236135650766
0.030186733581693524,1.6086465142381052e-13,6.416671458541938e-17,6.416473489437085e-17,6.416473487758462e-17,3.1106304895968832e-06,3.1106304895967884e-06,3.1106304895967884e-06,0.0003879131290022585,0.0003879131290022585,0.005170236135650771
0.03047869678184911,1.9359345276681172e-13,6.965579680357428e-17,6.965328449666119e-17,6.965328447474038e-17,3.110630489602515e-06,3.110630489602396e-06,3.110630489602396e-06,0.00038791312900226426,0.00038791312900226426,0.005170236135650777
0.03077348382215336,2.3283880684149383e-13,7.56145021676869e-17,7.561131592315908e-17,7.561131589455088e-17,3.1106304896086333e-06,3.1106304896084838e-06,3.1106304896084838e-06,0.00038791312900227055,0.00038791312900227055,0.005170236135650784
0.03107112201451813,2.798688489161002e-13,8.208302637255123e-17,8.207898790440833e-17,8.207898786709577e-17,3.1106304896152795e-06,3.110630489615092e-06,3.110630489615092e-06,0.0003879131290022774,0.0003879131290022774,0.005170236135650791
0.03137163893501344,3.361925745687092e-13,8.910500975327072e-17,8.9099894285132e-17,8.909989423649687e-17,3.1106304896225005e-06,3.1106304896222654e-06,3.1106304896222654e-06,0.0003879131290022848,0.0003879131290022848,0.005170236135650799
0.031675062426422484,4.0360441879522315e-13,9.672783353707032e-17,9.672135785847775e-17,9.672135779512353e-17,3.1106304896303474e-06,3.1106304896300526e-06,3.1106304896300526e-06,0.00038791312900229283,0.00038791312900229283,0.0051702361356508065
0.03198142060082114,4.842368606707743e-13,1.0500294183305649e-16,1.0499474933438388e-16,1.049947492519071e-16,3.110630489638875e-06,3.110630489638506e-06,3.110630489638506e-06,0.00038791312900230155,0.00038791312900230155,0.005170236135650816
0.03229074184218261,5.806224559692072e-13,1.139861916581955e-16,1.1397583359200222e-16,1.139758334846976e-16,3.110630489648144e-06,3.1106304896476823e-06,3.1106304896476823e-06,0.00038791312900231104,0.00038791312900231104,0.005170236135650826
0.03260305480900719,6.957669374079989e-13,1.2373823351750624e-16,1.237251455500258e-16,1.23725145410506e-16,3.110630489658221e-06,3.1106304896576434e-06,3.1106304896576434e-06,0.00038791312900232134,0.00038791312900232134,0.005170236135650836
0.0329183884369774,8.332352981937796e-13,1.3432492530036994e-16,1.3430839818836878e-16,1.3430839800707466e-16,3.1106304896691783e-06,3.1106304896684567e-06,3.1106304896684567e-06,0.00038791312900233245,0.00038791312900233245,0.005170236135650847
0.033236771941638946,9.972530953807015e-13,1.4581778252640446e-16,1.457969254714162e-16,1.4579692523598597e-16,3.1106304896810965e-06,3.110630489680195e-06,3.110630489680195e-06,0.0003879131290023446,0.0003879131290023446,0.00517023613565086
0.033558234821107535,1.192825582217748e-12,1.5829446827719542e-16,1.5826816315823694e-16,1.582681628526946e-16,3.110630489694063e-06,3.110630489692937e-06,3.110630489692937e-06,0.00038791312900235777,0.00038791312900235777,0.005170236135650874
0.03388280685880177,1.42587771119605e-12,1.7183932648914407e-16,1.7180617074057751e-16,1.7180617034428927e-16,3.110630489708174e-06,3.1106304897067697e-06,3.1106304897067697e-06,0.00038791312900237203,0.00038791312900237203,0.005170236135650889
0.03421051812620265,1.7034185511486707e-12,1.865439626629638e-16,1.8650219802666082e-16,1.8650219751299387e-16,3.110630489723536e-06,3.110630489721785e-06,3.110630489721785e-06,0.00038791312900238753,0.00038791312900238753,0.0051702361356509045
0.034541398985639654,2.0337342431004196e-12,2.0250787647331636e-16,2.0245530018970492e-16,2.0245529952430504e-16,3.1106304897402664e-06,3.110630489738085e-06,3.110630489738085e-06,0.0003879131290024044,0.0003879131290024044,0.005170236135650922
0.03487548009310382,2.426614292764884e-12,2.1983915124535104e-16,2.19773005426803e-16,2.197730045653839e-16,3.1106304897584954e-06,3.110630489755779e-06,3.110630489755779e-06,0.00038791312900242266,0.00038791312900242266,0.005170236135650941
0.03521279240108801,2.893616776552421e-12,2.3865520581221754e-16,2.385720397283802e-16,2.385720386138882e-16,3.1106304897783677e-06,3.1106304897749867e-06,3.1106304897749867e-06,0.00038791312900244245,0.00038791312900244245,0.005170236135650961
0.03555336716145462,3.448378938615736e-12,2.590836148896877e-16,2.5897911364338647e-16,2.589791122023662e-16,3.110630489800042e-06,3.1106304897958373e-06,3.1106304897958373e-06,0.00038791312900246397,0.00038791312900246397,0.005170236135650983
0.03589723592833107,4.10698069702751e-12,2.8126300481346414e-16,2.811317763433031e-16,2.811317744812421e-16,3.110630489823698e-06,3.1106304898184717e-06,3.1106304898184717e-06,0.00038791312900248733,0.00038791312900248733,0.005170236135651008
0.03624443056103328,4.888369778463173e-12,3.0534403229651043e-16,3.051793427416265e-16,3.051793403369955e-16,3.110630489849534e-06,3.110630489843042e-06,3.110630489843042e-06,0.0003879131290025127,0.0003879131290025127,0.005170236135651034
0.03659498322701742,5.814858586502345e-12,3.3149045479589097e-16,3.3128389991791e-16,3.3128389681453896e-16,3.1106304898777733e-06,3.110630489869714e-06,3.110630489869714e-06,0.0003879131290025403,0.00038791312900254024,0.005170236135651062
0.03694892640486027,6.912704505949217e-12,3.598803021527471e-16,3.5962139963006936e-16,3.5962139562740017e-16,3.1106304899086667e-06,3.1106304898986675e-06,3.1106304898986675e-06,0.0003879131290025702,0.00038791312900257017,0.005170236135651093
0.03730629288726824,8.212787185274962e-12,3.907071604106646e-16,3.903828442788247e-16,3.9038283911945756e-16,3.1106304899424955e-06,3.1106304899300975e-06,3.1106304899300975e-06,0.00038791312900260264,0.0003879131290026026,0.0051702361356511265
0.037667115784115676,9.751398456541719e-12,4.241815801581435e-16,4.2377557431819227e-16,4.237755676719844e-16,3.1106304899795787e-06,3.110630489964216e-06,3.110630489964216e-06,0.0003879131290026379,0.0003879131290026378,0.005170236135651163
0.038031428525512466,1.1571162986956902e-11,4.605326234168377e-16,4.600246657896761e-16,4.600246572334516e-16,3.1106304900202777e-06,3.1106304900012534e-06,3.1106304900012534e-06,0.00038791312900267615,0.0003879131290026761,0.005170236135651202
0.03839926486490131,1.3722110553958171e-11,5.000095650534901e-16,4.993744474001051e-16,4.993744363917813e-16,3.1106304900650028e-06,3.1106304900414582e-06,3.1106304900414582e-06,0.00038791312900271767,0.00038791312900271756,0.0051702361356512445
0.03877065888218503,1.6262924048034248e-11,5.42883766983635e-16,5.420901473689835e-16,5.420901332145983e-16,3.110630490114223e-06,3.1106304900851024e-06,3.1106304900851024e-06,0.0003879131290027627,0.0003879131290027626,0.005170236135651291
0.03914564498688396,1.9262390992876796e-11,5.894507461231524e-16,5.88459681145832e-16,5.884596629575525e-16,3.110630490168475e-06,3.11063049013248e-06,3.11063049013248e-06,0.0003879131290028117,0.00038791312900281156,0.005170236135651342
0.03952425792132401,2.280109059726546e-11,6.400324602074648e-16,6.387955920476971e-16,6.387955686903756e-16,3.110630490228375e-06,3.11063049018391e-06,3.11063049018391e-06,0.00038791312900286485,0.00038791312900286464,0.005170236135651396
0.03990653276385559,2.6973353192463485e-11,6.949798393302708e-16,6.934371578978334e-16,6.93437127921033e-16,3.1106304902946334e-06,3.1106304902397393e-06,3.1106304902397393e-06,0.00038791312900292253,0.00038791312900292226,0.005170236135651456
0.040292504932103505,3.1889534447826616e-11,7.546755954661196e-16,7.527526778655494e-16,7.527526394171429e-16,3.1106304903680716e-06,3.1106304903003445e-06,3.110630490300344e-06,0.0003879131290029852,0.0003879131290029849,0.00517023613565152
0.04068221018624852,3.767865309192704e-11,8.195373474686182e-16,8.171419549220798e-16,8.171419056384985e-16,3.1106304904496425e-06,3.1106304903661336e-06,3.110630490366133e-06,0.0003879131290030532,0.0003879131290030528,0.005170236135651591
0.041075684632340376,4.449144810526583e-11,8.90021105240118e-16,8.870389906459932e-16,8.87038927512906e-16,3.1106304905404546e-06,3.11063049043755e-06,3.1106304904375495e-06,0.000387913129003127,0.0003879131290031265,0.005170236135651667
0.0414729647256431,5.250391961608494e-11,9.666251641442772e-16,9.629149105433033e-16,9.629148297188713e-16,3.110630490641803e-06,3.1106304905150754e-06,3.110630490515075e-06,0.00038791312900320713,0.00038791312900320654,0.005170236135651749
0.041874087274012546,6.192142716093093e-11,1.0498944695136274e-15,1.0452811396015531e-15,1.0452810361923543e-15,3.110630490755201e-06,3.110630490599232e-06,3.1106304905992315e-06,0.0003879131290032942,0.00038791312900329344,0.005170236135651839
0.042279089441306636,7.298342972193553e-11,1.140425521571384e-15,1.1346928494842177e-15,1.134692717261349e-15,3.110630490882426e-06,3.1106304906905874e-06,3.1106304906905866e-06,0.0003879131290033887,0.00038791312900338776,0.005170236135651937
0.04268800875082853,8.596896419826321e-11,1.238871903578034e-15,1.2317527006031994e-15,1.2317525316428193e-15,3.1106304910255695e-06,3.110630490789757e-06,3.1106304907897563e-06,0.0003879131290034913,0.0003879131290034901,0.005170236135652042
0.04310088308880327,1.0120297290648476e-10,1.345950530934837e-15,1.3371149042957465e-15,1.3371146885242395e-15,3.110630491187097e-06,3.11063049089741e-06,3.1106304908974087e-06,0.00038791312900360276,0.0003879131290036013,0.005170236135652156
0.04351775070788777,1.1906360655466338e-10,1.4624487368144512e-15,1.4514896324901894e-15,1.451489357109022e-15,3.110630491369922e-06,3.1106304910142713e-06,3.1106304910142696e-06,0.0003879131290037237,0.0003879131290037219,0.005170236135652281
0.04393865023071502,1.3999064714556992e-10,1.5892323312296548e-15,1.575647804588717e-15,1.5756474533476266e-15,3.1106304915774936e-06,3.1106304911411285e-06,3.1106304911411264e-06,0.00038791312900385516,0.0003879131290038529,0.005170236135652416
0.044363620653472394,1.6449521571345396e-10,1.7272547959939475e-15,1.7104262838388042e-15,1.710425836117927e-15,3.110630491813905e-06,3.110630491278837e-06,3.1106304912788344e-06,0.0003879131290039979,0.0003879131290039951,0.005170236135652563
0.04479270134951466,1.9317095299747518e-10,1.877567808615615e-15,1.8567335182272677e-15,1.8567329478787234e-15,3.1106304920840176e-06,3.1106304914283256e-06,3.110630491428322e-06,0.00038791312900415294,0.0003879131290041494,0.005170236135652722
0.045225932073011975,2.2670688745114403e-10,2.0413333248053795e-15,2.0155556639290077e-15,2.0155549378158564e-15,3.1106304923936145e-06,3.1106304915906006e-06,3.1106304915905964e-06,0.00038791312900432126,0.0003879131290043169,0.005170236135652895
0.04566335296263295,2.659022347702108e-10,2.2198374931748605e-15,2.1879632325977276e-15,2.1879623087524257e-15,3.1106304927495865e-06,3.1106304917667563e-06,3.1106304917667513e-06,0.0003879131290045042,0.0003879131290044988,0.005170236135653083
0.04610500454526359,3.1168340682586733e-10,2.41450672830363e-15,2.375118307320659e-15,2.375117132625429e-15,3.110630493160151e-06,3.1106304919579812e-06,3.1106304919579744e-06,0.00038791312900470295,0.00038791312900469623,0.005170236135653287
0.046550927739762056,3.651235460003405e-10,2.626926331382928e-15,2.5782823758957663e-15,2.5782808831626514e-15,3.110630493635116e-06,3.1106304921655627e-06,3.1106304921655543e-06,0.0003879131290049189,0.0003879131290049105,0.005170236135653508
0.04700116386074979,4.274649439782378e-10,2.858862123173092e-15,2.7988248342570298e-15,2.7988229385546584e-15,3.1106304941862026e-06,3.110630492390901e-06,3.1106304923908904e-06,0.00038791312900515355,0.0003879131290051432,0.005170236135653748
0.04745575462243934,5.001447526507031e-10,3.1122856445045657e-15,3.0382322173959935e-15,3.0382298114317097e-15,3.1106304948274193e-06,3.110630492635515e-06,3.1106304926355013e-06,0.00038791312900540855,0.0003879131290053957,0.005170236135654009
0.04791474214249908,5.848244496089678e-10,3.389403587960358e-15,3.298118220040379e-15,3.2981151683585762e-15,3.110630495575525e-06,3.110630492901053e-06,3.110630492901036e-06,0.0003879131290056858,0.00038791312900566985,0.005170236135654292
0.048378168945955466,6.83423582482762e-10,3.692692254215359e-15,3.58023457468334e-15,3.580230706381254e-15,3.1106304964505762e-06,3.1106304931893054e-06,3.110630493189284e-06,0.00038791312900598714,0.00038791312900596746,0.0051702361356545995
0.048846077969132935,7.981583859410492e-10,4.024937981971351e-15,3.886482860348175e-15,3.886477959936216e-15,3.110630497476583e-06,3.110630493502215e-06,3.110630493502188e-06,0.0003879131290063149,0.0003879131290062905,0.0051702361356549325
0.049318512563631935,9.31585943432826e-10,4.3892846865156465e-15,4.21892732176318e-15,4.218921117704627e-15,3.1106304986822954e-06,3.1106304938418918e-06,3.1106304938418575e-06,0.0003879131290066713,0.0003879131290066412,0.005170236135655295
0.0497955165003455,1.0866546537163755e-09,4.789289864595873e-15,4.579808785449743e-15,4.579800935799872e-15,3.1106305001021467e-06,3.110630494210625e-06,3.110630494210582e-06,0.00038791312900705914,0.00038791312900702185,0.005170236135655689
0.05027713397351451,1.26676186102628e-09,5.228990689633732e-15,4.971559766645818e-15,4.971549841068023e-15,3.1106305017773792e-06,3.1106304946109007e-06,3.1106304946108465e-06,0.0003879131290074811,0.0003879131290074351,0.005170236135656116
0.050763409604822306,1.475819618598017e-09,5.712982139716335e-15,5.396820869041316e-15,5.396808326300829e-15,3.1106305037573907e-06,3.110630495045417e-06,3.110630495045349e-06,0.0003879131290079405,0.0003879131290078837,0.00517023613565658
0.05125438844752892,1.7183296795756311e-09,6.246509481324934e-15,5.8584585880540525e-15,5.858442747870266e-15,3.110630506101346e-06,3.110630495517104e-06,3.110630495517018e-06,0.00038791312900844074,0.00038791312900837065,0.005170236135657083
0.05175011599064518,1.999468948577448e-09,6.835577886274126e-15,6.359584637879365e-15,6.359564645745574e-15,3.1106305088800978e-06,3.110630496029141e-06,3.110630496029033e-06,0.00038791312900898566,0.00038791312900889925,0.005170236135657629
0.05225063816314726,2.3251867830473926e-09,7.487082501955303e-15,6.9035769328726526e-15,6.903551716114688e-15,3.110630512178483e-06,3.11063049658498e-06,3.1106304965848445e-06,0.00038791312900957964,0.0003879131290094731,0.005170236135658223
0.05275600133823208,2.7023157078043425e-09,8.20896294244454e-15,7.494102365045107e-15,7.494070577972697e-15,3.110630516098061e-06,3.11063049718837e-06,3.1106304971881996e-06,0.0003879131290102271,0.000387913129010096,0.005170236135658869
0.0532662523376136,3.1386973009243023e-09,9.010386940172689e-15,8.13514153164154e-15,8.13510148712943e-15,3.1106305207603778e-06,3.1106304978433783e-06,3.110630497843165e-06,0.0003879131290109336,0.0003879131290107722,0.005170236135659569
0.05378143843586094,3.643325226459892e-09,9.901968818160064e-15,8.831015580020276e-15,8.830965164217126e-15,3.1106305263108555e-06,3.1106304985544222e-06,3.1106304985541546e-06,0.00038791312901170473,0.00038791312901150627,0.005170236135660329
0.05430160736477834,4.226507631929959e-09,1.0896029539067757e-14,9.586415351452747e-15,9.586351917526169e-15,3.110630532923426e-06,3.1106304993262963e-06,3.1106304993259613e-06,0.00038791312901254705,0.0003879131290123031,0.005170236135661155
0.05482680731782747,4.90005139865407e-09,1.2006906392381302e-14,1.0406433021115277e-14,1.0406353256966346e-14,3.1106305408060448e-06,3.1106305001642067e-06,3.1106305001637874e-06,0.00038791312901346775,0.0003879131290131681,0.005170236135662053
0.05535708695459261,5.677471033755066e-09,1.3251321933735434e-14,1.1296596448563646e-14,1.1296496212240942e-14,3.1106305502072444e-06,3.1106305010738044e-06,3.11063050107328e-06,0.0003879131290144749,0.00038791312901410705,0.005170236135663028
0.05589249540528883,6.574225327174901e-09,1.4648823636555956e-14,1.2262906471489762e-14,1.226278058654928e-14,3.1106305614239312e-06,3.110630502061224e-06,3.1106305020605686e-06,0.00038791312901557766,0.00038791312901512637,0.0051702361356640875
0.05643308227531394,7.607985268801498e-09,1.6222307909908096e-14,1.3311877395692026e-14,1.3311719396920734e-14,3.1106305748106432e-06,3.1106305031331275e-06,3.1106305031323084e-06,0.00038791312901678617,0.00038791312901623285,0.0051702361356652385
0.05697889764984443,8.798937133550508e-09,1.799864474145105e-14,1.445058095609057e-14,1.445038277375974e-14,3.110630590790539e-06,3.1106305042967466e-06,3.1106305042957234e-06,0.00038791312901811193,0.000387913129017434,0.00517023613566649
0.05752999209847579,1.017012510008851e-08,2.000942231580957e-14,1.568669404745851e-14,1.568644561550183e-14,3.110630609868435e-06,3.1106305055599315e-06,3.1106305055586546e-06,0.00038791312901956807,0.00038791312901873784,0.005170236135667849
0.05808641667990791,1.1747838276281149e-08,2.2291834624871317e-14,1.7028550549485794e-14,1.7028239319589426e-14,3.1106306326462633e-06,3.1106305069312075e-06,3.1106305069296155e-06,0.0003879131290211692,0.00038791312902015327,0.005170236135669328
0.058648222946675425,1.3562047566237167e-08,2.4889739431480382e-14,1.8485197599048967e-14,1.8484807938452624e-14,3.110630659841386e-06,3.1106305084198302e-06,3.1106305084178456e-06,0.00038791312902293235,0.00038791312902168975,0.005170236135670935
0.0592154629499242,1.564689843525652e-08,2.7854919093922285e-14,2.0066456693344662e-14,2.0065969139009285e-14,3.1106306923082762e-06,3.1106305100358492e-06,3.1106305100333776e-06,0.0003879131290248765,0.0003879131290233577,0.005170236135672684
0.05978818924423379,1.8041266315751163e-08,3.124858284897802e-14,2.1782990041090513e-14,2.178238037657568e-14,3.1106307310641747e-06,3.110630511790175e-06,3.1106305117870988e-06,0.00038791312902702353,0.00038791312902516825,0.005170236135674586
0.06036645489248662,2.078938215544679e-08,3.514315635457657e-14,2.36463726155759e-14,2.3645610729228218e-14,3.110630777319431e-06,3.1106305136946585e-06,3.110630513690831e-06,0.00038791312902939864,0.00038791312902713374,0.005170236135676655
0.06095031347078429,2.3941536445531146e-08,3.9624412806658567e-14,2.5669170403246933e-14,2.5668218876812303e-14,3.1106308325133464e-06,3.110630515762164e-06,3.110630515757405e-06,0.0003879131290320306,0.00038791312902926734,0.005170236135678907
0.06153981907341127,2.7554870988047617e-08,4.479401000012428e-14,2.786502538506198e-14,2.786383775021362e-14,3.1106308983565136e-06,3.1106305180066643e-06,3.1106305180007516e-06,0.00038791312903495263,0.0003879131290315834,0.0051702361356813584
0.062135026317846793,3.169426867645858e-08,5.0772509571578134e-14,3.0248747835420854e-14,3.024726642147191e-14,3.1106309768807695e-06,3.110630520443332e-06,3.11063052043599e-06,0.0003879131290382031,0.0003879131290340976,0.005170236135684029
0.06273599034982512,3.6433352679210904e-08,5.770296865882449e-14,3.283641657545425e-14,3.2834569854127724e-14,3.1106310704981136e-06,3.110630523088646e-06,3.1106305230795345e-06,0.00038791312904182647,0.00038791312903682694,0.005170236135686937
0.0633427668484448,4.185560764221861e-08,6.575521070914292e-14,3.564548787430788e-14,3.5643187186174765e-14,3.1106311820701404e-06,3.1106305259605044e-06,3.1106305259492046e-06,0.0003879131290458743,0.0003879131290397897,0.005170236135690108
0.06395541203132724,4.805563687200935e-08,7.513090159790677e-14,3.869491375429085e-14,3.869204927551771e-14,3.110631314989812e-06,3.1106305290783468e-06,3.1106305290643415e-06,0.0003879131290504064,0.00038791312904300587,0.0051702361356935666
0.06457398265982542,5.5140570937034386e-08,8.606958008598453e-14,4.2005270523921297e-14,4.200170630027148e-14,3.1106314732776985e-06,3.1106305324632907e-06,3.1106305324459426e-06,0.0003879131290554928,0.0003879131290464972,0.005170236135697339
0.0651985360442826,6.323164474126268e-08,9.885581853740406e-14,4.5598898437650626e-14,4.5594466274021585e-14,3.110631661695172e-06,3.1106305361382766e-06,3.1106305361168013e-06,0.0003879131290612149,0.00038791312905028715,0.005170236135701456
0.06582913004934224,7.246596189329943e-08,1.1382772142408325e-13,4.950005346309986e-14,4.9494545409754935e-14,3.1106318858774426e-06,3.1106305401282274e-06,3.1106305401016594e-06,0.0003879131290676679,0.0003879131290544013,0.005170236135705954
0.06646582309930905,8.299846712829014e-08,1.313870062608401e-13,5.3735072226795034e-14,5.3728231346049296e-14,3.1106321524898223e-06,3.1106305444602254e-06,3.1106305444273766e-06,0.00038791312907496365,0.00038791312905886747,0.0051702361357108696
0.06710867418356206,9.500414965195245e-08,1.5201095517072254e-13,5.833255130857028e-14,5.832406033582396e-14,3.1106324694111314e-06,3.110630549163698e-06,3.11063054912311e-06,0.00038791312908323286,0.00038791312906371564,0.005170236135716248
0.06775774286201999,1.0868050258024012e-07,1.7626657635834977e-13,6.332354216407463e-14,6.331300959210522e-14,3.110632845948827e-06,3.11063055427063e-06,3.1106305542205094e-06,0.00038791312909262937,0.0003879131290689785,0.005170236135722136
0.0684130892706593,1.2425026615913433e-07,2.0482737462207582e-13,6.874176307531207e-14,6.872870608743862e-14,3.110633293091166e-06,3.110630559815787e-06,3.1106305597539338e-06,0.00038791312910333386,0.0003879131290746916,0.005170236135728586
0.06907477412708592,1.4196448518260559e-07,2.3849320012095073e-13,7.462382966229022e-14,7.460765321454898e-14,3.1106338238025704e-06,3.1106305658369653e-06,3.1106305657606798e-06,0.00038791312911555927,0.0003879131290808935,0.005170236135735662
0.06974285873616064,1.6210591399931887e-07,2.7821372661812776e-13,8.10095056361095e-14,8.098947683627445e-14,3.110634453369368e-06,3.1106305723752626e-06,3.1106305722812355e-06,0.00038791312912955604,0.0003879131290876259,0.0051702361357434294
0.07041740499567896,1.8499280572755286e-07,3.2511620630567335e-13,8.794197563702176e-14,8.791719238355641e-14,3.110635199804218e-06,3.1106305794753748e-06,3.1106305793595515e-06,0.00038791312914561996,0.00038791312909493427,0.005170236135751968
0.07109847540210605,2.1098312580139786e-07,3.805382603422001e-13,9.546814218215378e-14,9.543749480223637e-14,3.110636084318858e-06,3.1106305871859225e-06,3.1106305870433385e-06,0.0003879131291640997,0.00038791312910286787,0.005170236135761363
0.07178613305636682,2.4047923376852736e-07,4.4606659502486914e-13,1.0363894894899172e-13,1.0360107330348775e-13,3.110637131876335e-06,3.110630595559807e-06,3.1106305953843874e-06,0.00038791312918540693,0.0003879131291114802,0.005170236135771717
0.07248044166969231,2.739330813708124e-07,5.235826861011398e-13,1.125097328451611e-13,1.1246295304005093e-13,3.110638371835646e-06,3.110630604654605e-06,3.1106306044389214e-06,0.000387913129210028,0.0003879131291208294,0.005170236135783142
0.0731814655695225,3.118519793845584e-07,6.153166516010622e-13,1.2214060756548657e-13,1.220828660120497e-13,3.1106398387037224e-06,3.1106306145329965e-06,3.1106306142679714e-06,0.00038791312923853766,0.00038791312913097846,0.005170236135795765
0.07388926970546617,3.5480499049868093e-07,7.239107407762763e-13,1.3259688161747098e-13,1.3252565370338434e-13,3.110641573012034e-06,3.110630625263244e-06,3.11063062493779e-06,0.00038791312927161526,0.00038791312914199585,0.005170236135809739
0.07460391965531864,4.0343001068942303e-07,8.524941079215985e-13,1.4394951411029495e-13,1.438617041638059e-13,3.110643622337765e-06,3.1106306369197114e-06,3.110630636520297e-06,0.000387913129310064,0.00038791312915395596,0.005170236135825231
0.07532548163113727,4.584416071319335e-07,1.0047708203929514e-12,1.5627561195498956e-13,1.561674264841954e-13,3.1106460424925677e-06,3.110630649583444e-06,3.1106306490935633e-06,0.00038791312935483363,0.00038791312916693944,0.005170236135842436
0.07605402248537611,5.206396866967192e-07,1.1851233761952225e-12,1.6965897252029733e-13,1.6952576586501048e-13,3.110648898905455e-06,3.1106306633428077e-06,3.110630662742341e-06,0.0003879131294070473,0.00038791312918103386,0.00517023613586158
0.07678960971707982,5.909190755362889e-07,1.398734385195459e-12,1.8419067623623108e-13,1.840267627518473e-13,3.1106522682303966e-06,3.110630678294192e-06,3.1106306775586302e-06,0.00038791312946803345,0.0003879131291963344,0.00517023613588292
0.07753231147813727,6.702800972000823e-07,1.6517295074811454e-12,1.9996973414319624e-13,1.99768159809623e-13,3.110656240213865e-06,3.1106306945427974e-06,3.1106306936423023e-06,0.0003879131295393629,0.00038791312921294436,0.005170236135906759
0.07828219657959604,7.598402441489036e-07,1.951345252000508e-12,2.1710379595753205e-13,2.168560608299881e-13,3.1106609198628275e-06,3.110630712203503e-06,3.110630711101772e-06,0.00038791312962289324,0.0003879131292309758,0.005170236135933442
0.0790393344980374,8.608470454994588e-07,2.3061258291388103e-12,2.3570992487464833e-13,2.3540564601733544e-13,3.1106664299597923e-06,3.1106307314018364e-06,3.110630730054729e-06,0.0003879131297208206,0.00038791312925055057,0.005170236135963372
0.07980379538201358,9.746922423418474e-07,2.7261539346278095e-12,2.5591544607083134e-13,2.555419484798109e-13,3.110672913978417e-06,3.1106307522750486e-06,3.110630750628932e-06,0.000387913129835741,0.0003879131292718008,0.005170236135997017
0.08057565005854686,1.1029273910628333e-06,3.223321133261488e-12,2.7785887670799846e-13,2.774006971653563e-13,3.110680539461127e-06,3.1106307749733242e-06,3.110630772963069e-06,0.00038791312997072254,0.00038791312929487015,0.005170236136034921
0.0813549700396917,1.2472810248029926e-06,3.8116444254553785e-12,3.016909462088602e-13,3.0112923193211665e-13,3.1106895019292236e-06,3.110630799661125e-06,3.110630797207694e-06,0.00038791313012938994,0.00038791312931991446,0.005170236136077721
0.08214182752916031,1.4096775135004363e-06,4.507636636199739e-12,3.27575716672142e-13,3.268874969304751e-13,3.110700029406263e-06,3.1106308265187024e-06,3.1106308235262404e-06,0.0003879131303160248,0.0003879131293471031,0.005170236136126155
0.08293629542901237,1.592257773954663e-06,5.330739485514468e-12,3.556918145611962e-13,3.548491190039115e-13,3.110712387647231e-06,3.1106308557437976e-06,3.1106308520961273e-06,0.00038791313053568213,0.00038791312937661986,0.00517023613618109
0.08373844734640924,1.7974019930039515e-06,6.3038296061906334e-12,3.862337862507703e-13,3.852025783914937e-13,3.110726886179407e-06,3.110630887553549e-06,3.110630883109952e-06,0.00038791313079432886,0.00038791312940866454,0.0051702361362435355
0.08454835760043368,2.027754539273567e-06,7.453809395859366e-12,4.194135916866168e-13,4.1815247964006465e-13,3.1107438852760256e-06,3.110630922186651e-06,3.1106309167767917e-06,0.0003879131310990047,0.0003879131294434539,0.005170236136314677
0.08536610122897557,2.2862512520415015e-06,8.812296457543975e-12,4.554622523370103e-13,4.5392093131340683e-13,3.1107638040010973e-06,3.110630959905791e-06,3.110630953323615e-06,0.00038791313145801227,0.00038791312948122374,0.0051702361363959
0.08619175399568403,2.5761493096035875e-06,1.0416427531444262e-11,4.94631671836243e-13,4.927490438236176e-13,3.1107871294834196e-06,3.1106310010004083e-06,3.1106309929968113e-06,0.00038791313188113875,0.00038791312952222984,0.00517023613648883
0.08702539239698705,2.901059894121465e-06,1.2309795291280969e-11,5.371966502870309e-13,5.348985555116619e-13,3.110814427600052e-06,3.110631045789832e-06,3.1106310360638555e-06,0.0003879131323799167,0.0003879131295667503,0.005170236136595372
0.08786709366917864,3.2649838853183336e-06,1.4543539217125476e-11,5.834571161593134e-13,5.806535979752878e-13,3.1108463552747894e-06,3.110631094626843e-06,3.110631082815114e-06,0.0003879131329679285,0.0003879131296150872,0.0051702361367177655
0.0887169357955749,3.6723508315667928e-06,1.7177615015531707e-11,6.337406031647785e-13,6.303226125893532e-13,3.1108836746257905e-06,3.1106311479017385e-06,3.110631133565803e-06,0.00038791313366116296,0.0003879131296675688,0.005170236136858632
0.08957499751373912,4.128061463896912e-06,2.0282270796256716e-11,6.884050034784595e-13,6.842404311925524e-13,3.110927269228889e-06,3.110631206046972e-06,3.11063118865812e-06,0.0003879131344784321,0.0003879131297245518,0.005170236137021056
0.09044135832277674,4.6375340362516224e-06,2.3939762500117698e-11,7.478416333138543e-13,7.427705350332241e-13,3.110978162799748e-06,3.110631269542462e-06,3.1106312484635534e-06,0.0003879131354418584,0.0003879131297864238,0.0051702361372086576
0.091316098490701,5.206754793932988e-06,2.8246345980677203e-11,8.124786522441494e-13,8.063075072830164e-13,3.111037540639424e-06,3.110631338921679e-06,3.1106313133853952e-06,0.00038791313657744335,0.00038791312985360626,0.005170236137425692
0.09219929906186966,5.842332891614484e-06,3.331458875956878e-11,8.827848839260457e-13,8.752796957495324e-13,3.111106774234623e-06,3.1106314147786263e-06,3.1106313838614625e-06,0.00038791313791573096,0.00038791312992655724,0.005170236137677158
0.09309104186449373,6.551560102538528e-06,3.927605089870006e-11,9.592740931724914e-13,9.50152103857333e-13,3.1111874494566885e-06,3.1106314977758815e-06,3.110631460367063e-06,0.00038791313949258186,0.0003879131300057748,0.005170236137968924
0.09399140951821887,7.342475681558343e-06,4.6284391772161084e-11,1.0425097828088583e-12,1.0314295295308508e-12,3.111281398862784e-06,3.1106315886538478e-06,3.110631543418205e-06,0.000387913141350075,0.0003879131300918007,0.005170236138307894
0.09490048544178001,8.22393676650818e-06,5.4518967900459426e-11,1.1331105836365432e-12,1.1196599733150847e-12,3.111390738669694e-06,3.1106316882414307e-06,3.110631633575093e-06,0.0003879131435375577,0.00038791313018522413,0.005170236138702173
0.09581835386073023,9.205694724963822e-06,6.418899656942484e-11,1.231756322353473e-12,1.2154383389219236e-12,3.1115179110459922e-06,3.110631797468371e-06,3.110631731445916e-06,0.00038791314611286756,0.00038791313028668594,0.005170236139161285
0.096745099815244,1.0298477876761354e-05,7.553837085317296e-11,1.3391948657187595e-12,1.3194104514063678e-12,3.1116657324530673e-06,3.110631917379507e-06,3.110631837690972e-06,0.000387913149143754,0.00038791313039688376,0.005170236139696416
0.09768080916799622,1.151408104663155e-05,8.885122407201885e-11,1.4562498549191004e-12,1.432277420372153e-12,3.111837448860628e-06,3.1106320491512915e-06,3.1106319530271378e-06,0.0003879131527095299,0.0003879131305165768,0.005170236140320704
0.09862556861211741,1.2865462425936264e-05,1.0445835584118876e-10,1.5838294623720158e-12,1.5548003779973693e-12,3.1120367987691626e-06,3.1106321941109355e-06,3.110632078232732e-06,0.0003879131569029895,0.0003879131306465915,0.005170236141049571
0.09957946567922575,1.4366848247699258e-05,1.2274464792818558e-10,1.722936324521582e-12,1.6878056242757944e-12,3.112268085091614e-06,3.1106323537586225e-06,3.1106322141527998e-06,0.00038791316183263506,0.00038791313078782825,0.005170236141901125
0.10054258874753678,1.603384580484393e-05,1.4415761638647997e-10,1.8746788290535695e-12,1.8321902147089788e-12,3.1125362570807777e-06,3.110632529793303e-06,3.1106323617048456e-06,0.0003879131676252587,0.0003879131309412678,0.005170236142896607
0.1015150270500519,1.7883565367704443e-05,1.6921726715196811e-10,2.0402839639694736e-12,1.9889280287797252e-12,3.1128470036392194e-06,3.110632724142676e-06,3.1106325218850737e-06,0.0003879131744289347,0.000387913131107979,0.0051702361440609385
0.10249687068282534,1.9934751583372963e-05,1.9852744579111727e-10,2.221111969800469e-12,2.159076360914674e-12,3.113206859516624e-06,3.1106329389980557e-06,3.1106326957751656e-06,0.00038791318241648555,0.0003879131312891272,0.00517023614542334
0.10348821061331186,2.220792496618981e-05,2.3278889872811162e-10,2.4186730757102953e-12,2.343783079328334e-12,3.113623326087354e-06,3.110633176854939e-06,3.1106328845496437e-06,0.0003879131917894933,0.0003879131314859834,0.005170236147018063
0.1044891386887947,2.4725534115549624e-05,2.728142934460481e-10,2.634646646259245e-12,2.5442944021644614e-12,3.11410500861081e-06,3.110633440560249e-06,3.110633089483881e-06,0.0003879132027829389,0.00038791313169993474,0.005170236148885238
0.10549974764489528,2.7512119324069563e-05,3.1954547929386845e-10,2.8709031192547185e-12,2.761963344744963e-12,3.114661772111203e-06,3.1106337333673453e-06,3.110633311962809e-06,0.00038791321567056467,0.0003879131319324955,0.005170236151071867
0.10652013111416504,3.059448826589582e-05,3.7407330912637117e-10,3.1295291776480485e-12,2.998258896540527e-12,3.1153049182742285e-06,3.1106340590001316e-06,3.1106335534903812e-06,0.00038791323077106755,0.00038791313218531986,0.00517023615363297
0.10755038363476041,3.4001904481359955e-05,4.3766038560518764e-10,3.412856671297221e-12,3.254775991729687e-12,3.116047386048669e-06,3.110634421727765e-06,3.1106338156998744e-06,0.0003879132484552474,0.00038791313246021574,0.0051702361566329244
0.10859060065920219,3.776628940016565e-05,5.117671452024736e-10,3.723495889279767e-12,3.5332463429619524e-12,3.116903978964136e-06,3.1106348264517416e-06,3.1106341003650855e-06,0.000387913269154252,0.00038791313275916053,0.0051702361601470275
0.10964087856321844,4.1922438670590734e-05,5.980817484515882e-10,4.0643738822477846e-12,3.835550214235291e-12,3.1178916225355274e-06,3.1106352788074284e-06,3.1106344094125204e-06,0.00038791329336907907,0.000387913133084318,0.005170236164263289
0.11070131465467418,4.65082535866667e-05,6.9855430753223e-10,4.4387786493145595e-12,4.163729215697328e-12,3.1190296555237863e-06,3.110635785282441e-06,3.1106347449346574e-06,0.00038791332168152195,0.00038791313343805817,0.0051702361690845414
0.11177200718258684,5.156498842865916e-05,8.154360526935395e-10,4.85041013774124e-12,4.520000210744813e-12,3.120340159265359e-06,3.1106363533546637e-06,3.110635109204382e-06,0.0003879133547667661,0.0003879131338229784,0.0051702361747308625
0.11285305534622889,5.713751455425669e-05,9.513241182326537e-10,5.303439159250476e-12,4.906770434099903e-12,3.12184832977358e-06,3.110636991653168e-06,3.110635504690707e-06,0.0003879133934078781,0.0003879131342419276,0.005170236181342398
0.11394455930431867,6.327460209838218e-05,1.109212717780898e-09,5.802575507588961e-12,5.326653928664304e-12,3.123582897858877e-06,3.110637710145812e-06,3.110635934075894e-06,0.0003879134385124581,0.00038791313469803374,0.005170236189082622
0.11504662018430013,7.002922015821883e-05,1.2925515786367156e-09,6.353146771980226e-12,5.782489418982841e-12,3.1255766031161987e-06,3.1106385203579124e-06,3.1106364002741065e-06,0.00038791349113176605,0.00038791313519473365,0.005170236198142118
0.11615934009171212,7.745885635659022e-05,1.5053126170753008e-09,6.961189584945529e-12,6.2773597501861884e-12,3.1278667282930664e-06,3.110639435627089e-06,3.110636906451739e-06,0.00038791355248267304,0.0003879131357358077,0.005170236208742947
0.11728282211964854,8.562585669099016e-05,1.7520659623400087e-09,7.633555325919515e-12,6.814613033445583e-12,3.1304957012860514e-06,3.1106404714002035e-06,3.1106374560495805e-06,0.000387913623972838,0.0003879131363254182,0.005170236221143702
0.11841717035830981,9.459778658693236e-05,2.038066577902656e-09,8.378032630229399e-12,7.397885652383137e-12,3.1335117728238137e-06,3.110641645579258e-06,3.1106380528069906e-06,0.0003879137072295627,0.00038791313696815284,0.005170236235645337
0.1195624899046467,0.00010444781408262423,2.369352886245695e-09,9.203489433343401e-12,8.03112729968866e-12,3.136969778788059e-06,3.1106429789242e-06,3.110638700788278e-06,0.0003879138041328396,0.0003879131376690741,0.005170236252597906
0.12071888687209799,0.00011525511607685785,2.7528589797151777e-09,1.0120037720865255e-11,8.718628229560661e-12,3.1409319971074357e-06,3.1106444955218524e-06,3.1106394044114968e-06,0.000387913916853174,0.00038791313843377463,0.005170236272408333
0.12188646840042117,0.00012710530857308963,3.1965421969450893e-09,1.1139224664774673e-11,9.465048929694917e-12,3.1454691102415867e-06,3.110646223331633e-06,3.110640168479897e-06,0.00038791404789484006,0.0003879131392684406,0.005170236295549366
0.12306534266561926,0.00014009090184964978,3.709528064190324e-09,1.227425441648516e-11,1.027545243661004e-11,3.150661285462001e-06,3.1106481948203794e-06,3.1106409982162947e-06,0.0003879142001453167,0.0003879131401799235,0.005170236322569895
0.12425561888996331,0.00015431178147834468,4.302274846064314e-09,1.3540245509516768e-11,1.1155339540348355e-11,3.1565993864423186e-06,3.1106504477005594e-06,3.110641899300652e-06,0.0003879143769317449,0.0003879131411758211,0.005170236354106826
0.1254574073521117,0.0001698757161011124,4.986760223334406e-09,1.4954529612860805e-11,1.2110687149304383e-11,3.1633863311032776e-06,3.1106530257883004e-06,3.11064287791119e-06,0.0003879145820853577,0.0003879131422645711,0.005170236390898748
0.12667081939732744,0.0001868988928564379,5.7766929195057244e-09,1.6536998286322844e-11,1.3147990113415604e-11,3.1711386122273355e-06,3.110655980000266e-06,3.1106439407693952e-06,0.00038791482001495774,0.000387913143455556,0.0051702364338016326
0.1278959674477943,0.00020550648132339859,6.687752436117772e-09,1.8310505439425125e-11,1.4274306834545928e-11,3.1799879990764323e-06,3.1106593695112856e-06,3.1106450951893264e-06,0.00038791509579065033,0.0003879131447592246,0.005170236483806877
0.12913296501303262,0.0002258332268212332,7.737860432474118e-09,2.0301334406567677e-11,1.5497309027005604e-11,3.1900834401256474e-06,3.1106632630980156e-06,3.110646349131669e-06,0.00038791541523919726,0.0003879131461872296,0.005170236542062018
0.13038192670041598,0.0002480240738656101,8.94748770272126e-09,2.2539739946756415e-11,1.682533602923267e-11,3.2015931890784595e-06,3.1106677406977265e-06,3.110647711263033e-06,0.00038791578505252447,0.00038791314775258554,0.005170236609894482
0.13164296822578944,0.00027223482053902794,1.0340001165929472e-08,2.5060577083285487e-11,1.8267454110226133e-11,3.214707178569789e-06,3.1106728952157293e-06,3.110649191021064e-06,0.00038791621291111,0.00038791314946984935,0.00517023668883883
0.13291620642419094,0.00029863280448149407,1.1942055797595854e-08,2.7904030548057325e-11,1.9833521261966518e-11,3.2296396684053996e-06,3.110678834619972e-06,3.110650798685997e-06,0.0003879167076241919,0.0003879131513553278,0.005170236780667947
0.13420175926067543,0.00032739762114829984,1.3784036998671051e-08,3.111646072171383e-11,2.1534258022445667e-11,3.2466321978459807e-06,3.110685684367104e-06,3.1106525454593475e-06,0.00038791727928897286,0.0003879131534273148,0.00517023688742876
0.13549974584124463,0.00035872187491424034,1.5900559526107532e-08,3.475138440427013e-11,2.338132493385082e-11,3.265956874337634e-06,3.1106935902108896e-06,3.11065444355055e-06,0.00038791793947126526,0.0003879131557063644,0.005170237011483091
0.13681028642388224,0.00039281196352709184,1.83310298027561e-08,3.887061155665577e-11,2.5387407307755456e-11,3.2879200342344853e-06,3.1107027214513667e-06,3.1106565062724224e-06,0.00038791870141031634,0.000387913158215604,0.005170237155554359
0.13813350242969555,0.0004298888963276744,2.1120279190403814e-08,4.354556237287119e-11,2.75663080448986e-11,3.3128663144717644e-06,3.11071327469173e-06,3.1106587481464706e-06,0.00038791958025087905,0.00038791316098109443,0.005170237322780921
0.13946951645416525,0.00047018914655870005,2.4319276654551516e-08,4.885879273357869e-11,2.993304934242158e-11,3.3411831778478577e-06,3.1107254781797125e-06,3.110661185019164e-06,0.00038792059330596484,0.00038791316403224437,0.005170237516776971
0.14081845227850381,0.000513965537979596,2.7985930180367345e-08,5.490576032086361e-11,3.2503984217601625e-11,3.373305938581029e-06,3.1107395968213727e-06,3.110663834190458e-06,0.000387921760354115,0.0003879131674022868,0.005170237741701998
0.14218043488112372,0.0005614881658892683,3.218598732391669e-08,6.179686851539004e-11,3.529691888568026e-11,3.409723339141455e-06,3.1107559379679237e-06,3.110666714556023e-06,0.00038792310397548185,0.00038791317112882767,0.005170238002339959
0.14355559044921673,0.0006130453525329772,3.6994046409597626e-08,6.965983073577873e-11,3.833124715206842e-11,3.4509837340432145e-06,3.1107748580906495e-06,3.110669846764806e-06,0.0003879246499315079,0.0003879131752544782,0.005170238304189465
0.14494404639044503,0.0006689446367330471,4.249469112268101e-08,7.864240421132941e-11,4.1628098117990636e-11,3.497701941336023e-06,3.1107967704754094e-06,3.110673253393785e-06,0.00038792642759354485,0.00038791317982758174,0.005170238653566435
0.14634593134474538,0.0007295137974355355,4.8783762604567184e-08,8.891554941115695e-11,4.521049865577534e-11,3.550566827985934e-06,3.1108221540868696e-06,3.110676959142024e-06,0.00038792847042636513,0.0003879131849030531,0.005170239057720847
0.1477613751962482,0.0007951019107063611,5.5969784648127094e-08,1.0067707960715911e-10,4.91035522881047e-11,3.6103497012013073e-06,3.1108515637737814e-06,3.1106809910464135e-06,0.00038793081653319526,0.0003879131905433443,0.005170239524969451
0.14919050908531029,0.0008660804395402846,6.417555922225718e-08,1.1415587446227175e-10,5.33346363075655e-11,3.6779135840695364e-06,3.110885642010628e-06,3.1106853787218146e-06,0.0003879335092696467,0.00038791319681955825,0.005170240064846488
0.15063346542066564,0.0009428443556650525,7.353995134030736e-08,1.2961674226387856e-10,5.793361920221194e-11,3.7542234606463517e-06,3.1109251323981845e-06,3.1106901546286897e-06,0.0003879365979347421,0.0003879132038127317,0.005170240688274764
0.15209037789169277,0.0010258132923300683,8.421988423875827e-08,1.4736602763879958e-10,6.293310071341571e-11,3.840357582907703e-06,3.110970895176325e-06,3.1106953543717327e-06,0.000387940138548144,0.0003879132116153147,0.005170241407759663
0.1535613814808012,0.0011154327268651657,9.639256796374616e-08,1.6775807548680086e-10,6.836867714853253e-11,3.937519939760859e-06,3.1110239250372803e-06,3.1107010170335034e-06,0.0003879441947236915,0.00038791322033287476,0.005170242237609031
0.15504661247593732,0.0012121751915797909,1.1025798678776942e-07,1.912026776733782e-10,7.427923490790536e-11,4.047053996641581e-06,3.1110853715669206e-06,3.110707185547613e-06,0.00038794883865044834,0.00038791323008606114,0.005170243194182194
0.15654620848321152,0.001316541511346985,1.2604167341212983e-07,2.1817364697637265e-10,8.070727556930904e-11,4.1704578231247384e-06,3.1111565626861485e-06,3.1107139071166676e-06,0.00038795415219367675,0.00038791324101286796,0.005170244296171769
0.15806030843964736,0.0014290620659796372,1.4399780066800118e-07,2.4921868316072733e-10,8.769927630975302e-11,4.309400735472247e-06,3.111239031514685e-06,3.110721233680884e-06,0.0003879602281294732,0.0003879132532712416,0.005170245564922339
0.15958905262605394,0.001550298075259564,1.6441262442715045e-07,2.8497071917095523e-10,9.53060899421994e-11,4.465741591160497e-06,3.111334547136149e-06,3.1107292224441515e-06,0.0003879671715282604,0.00038791326704208363,0.005170247024790592
0.16113258268002284,0.0016808429042231231,1.876083146897068e-07,3.2616096162751216e-10,1.035833894119292e-10,4.641548883195241e-06,3.1114451498071053e-06,3.1107379364652554e-06,0.00038797510130392086,0.000387913282532709,0.0051702487035519586
0.16269104160905132,0.0018213233860410335,2.1394721534927095e-07,3.736338694784025e-10,1.1259216224390557e-10,4.83912279345981e-06,3.111573191224552e-06,3.110747445323073e-06,0.00038798415194710086,0.00038791329998082695,0.00517025063285948
0.164264573803791,0.0019724011595551568,2.43836576964277e-07,4.283643482223589e-10,1.2239926116982234e-10,5.0610193764755754e-06,3.111721380547074e-06,3.110757825865828e-06,0.00038799447546312293,0.0003879133196591223,0.005170252848761186
0.16585332505142625,0.0021347740182528557,2.777338110090644e-07,4.914774750674552e-10,1.330780180045925e-10,5.310077057806787e-06,3.1118928369556074e-06,3.1107691630558957e-06,0.0003880062435370248,0.00038791334188052713,0.005170255392283052
0.1674574425491811,0.002309177267169749,3.161523185591666e-07,5.64271113255123e-10,1.447089288014219e-10,5.5894456449332586e-06,3.1120911496416734e-06,3.110781550923314e-06,0.0003880196499505159,0.0003879133670042823,0.005170258310085327
0.16907707491795715,0.0024963850839164257,3.596679512050004e-07,6.482418221627492e-10,1.5738041940918298e-10,5.902618062765954e-06,3.1123204462252037e-06,3.1107950936430287e-06,0.00038803491327812103,0.0003879133954429071,0.005170261655200961
0.17071237221610303,0.0026972118797239917,4.0892616720855594e-07,7.451145243626195e-10,1.7118970180463013e-10,6.253465041109055e-06,3.112585470732217e-06,3.1108099067530446e-06,0.0003880522798924742,0.0003879134276702079,0.005170265487865746
0.1723634859533174,0.002912513656099699,4.646499515423723e-07,8.568764523002857e-10,1.862437329968059e-10,6.646272997290969e-06,3.1128916724060614e-06,3.110826118533113e-06,0.00038807202731166264,0.00038791346423047815,0.005170269876450914
0.1740305691046863,0.0031431893523768202,5.276485745028397e-07,9.858159664803705e-10,2.0266028992648593e-10,7.085785373910431e-06,3.1132453067864844e-06,3.1108438715663876e-06,0.0003880944679247033,0.0003879135057490615,0.005170274898510014
0.1757137761248561,0.003390182179135769,5.988272700951534e-07,1.1345669149224815e-09,2.205691756378557e-10,7.577247709178157e-06,3.1136535506702498e-06,3.1108633245096886e-06,0.0003881199531346958,0.0003879135529444738,0.005170280641953232
0.17741326296234378,0.0036544809321663375,6.791979223703949e-07,1.3061592911803463e-09,2.401135741146811e-10,8.126456735686593e-06,3.114124632767506e-06,3.1108846541016623e-06,0.0003881488779629433,0.00038791360664230945,0.00517028720636367
0.17912918707398523,0.0039371212813357525,7.69890855381362e-07,1.504077046517683e-09,2.6145157358525133e-10,8.739813822609218e-06,3.114667982091807e-06,3.110908057442305e-06,0.00038818168616139027,0.00038791366779118426,0.0051702947044716405
0.18086170743952443,0.004239187028426868,8.721678304392942e-07,1.732324022136379e-09,2.8475788085057884e-10,9.424383096313127e-06,3.1152943963711504e-06,3.110933754582079e-06,0.00038821887588511955,0.0003879137374810051,0.005170303263804718
0.18261098457634156,0.004561811327714323,9.87436362923718e-07,1.9954990910143694e-09,3.1022575232507335e-10,1.0187954595151995e-05,3.1160162330452695e-06,3.1109619914642654e-06,0.00038826100598139137,0.0003879138169638951,0.005170313028533102
0.1843771805543259,0.004906177862760275,1.1172654800497069e-06,2.298881737433613e-09,3.3806917105141e-10,1.103911283578252e-05,3.1168476257237183e-06,3.1109930432703994e-06,0.00038830870295682526,0.00038791390767814606,0.005170324161531864
0.186160459010891,0.0052735219726318195,1.2634030507551334e-06,2.6485294573114325e-09,3.685253030207933e-10,1.1987311190682342e-05,3.1178047293231987e-06,3.111027218225649e-06,0.000388362668689843,0.00038791401127562263,0.005170336846683828
0.18796098516613605,0.0056651317204767715,1.4277948292624486e-06,3.051388535811077e-09,4.0185727076441977e-10,1.3042952499624179e-05,3.1189059974847137e-06,3.1110648619290398e-06,0.0003884236889614249,0.0003879141296530962,0.005170351291449215
0.18977892583815303,0.006082348897141607,1.6126053649187593e-06,3.515419952396651e-09,4.383572874577556e-10,1.4217476361634495e-05,3.1201724962952485e-06,3.1111063622825373e-06,0.0003884926428836185,0.0003879142649880528,0.005170367729730781
0.1916144494584827,0.006526569952279391,1.8202409426501736e-06,4.049742379705399e-09,4.783502007826548e-10,1.5523453578391823e-05,3.1216282588090377e-06,3.1111521551033517e-06,0.00038857051331209094,0.00038791441977958886,0.005170386425066002
0.19346772608771948,0.006999246845177401,2.053374730803915e-06,4.664794483745182e-09,5.221975026208957e-10,1.6974688245049318e-05,3.123300685384604e-06,3.1112027305156266e-06,0.00038865839833636715,0.0003879145968950906,0.005170407674180918
0.19533892743126763,0.007501887807337378,2.314974326317355e-06,5.3725190016187545e-09,5.703018684159882e-10,1.8586328010025646e-05,3.125220995430597e-06,3.1112586402310486e-06,0.00038875752394927035,0.00038791479962348207,0.0051704318109435975
0.19722822685524946,0.008036058008667302,2.6083319010672926e-06,6.186571372112863e-09,6.231122988621958e-10,2.0374983051334094e-05,3.127424736791386e-06,3.1113205058430755e-06,0.00038886925800549985,0.0003879150317359298,0.00517045921075879
0.19913579940256845,0.008603380118995953,2.937097167933744e-06,7.1225560272214744e-09,6.811299465996377e-10,2.2358854343417702e-05,3.1299523597081447e-06,3.111389028276717e-06,0.0003889951255882798,0.00038791529755500447,0.005170490295449228
0.20106182180912566,0.009205534756499479,3.305313400576739e-06,8.19829382243224e-09,7.449147219689831e-10,2.4557871815127867e-05,3.1328498630691357e-06,3.1114649985553013e-06,0.00038913682591260425,0.0003879156020334285,0.005170525538673318
0.2030064725201951,0.009844260814542115,3.717456757187006e-06,9.434124494149033e-09,8.150927847849755e-10,2.6993843026337124e-05,3.136169521520779e-06,3.111549310067755e-06,0.0003892962509038292,0.0003879159508436817,0.005170565471933506
0.20496993170695646,0.010521355658373031,4.178479175538962e-06,1.0853248488024674e-08,8.923650437220548e-10,2.9690613017550562e-05,3.139970702956192e-06,3.1116429725449446e-06,0.00038947550560123115,0.0003879163504798958,0.005170610691234541
0.20695238128318774,0.011238675183101444,4.693855124559568e-06,1.2482113006678522e-08,9.77516801490459e-10,3.267423601368471e-05,3.1443207869380906e-06,3.111747127981902e-06,0.0003896769305477052,0.0003879168083736493,0.005170661864456225
0.20895400492211968,0.011998133724385641,5.2696325163267134e-06,1.4350847684092978e-08,1.0714287027653499e-09,3.597315968972443e-05,3.1492961957566803e-06,3.111863068774737e-06,0.0003899031263390183,0.0003879173330254713,0.005170719739510943
0.21097498807345294,0.01280170381332786,5.9124881019286095e-06,1.6493755912145435e-08,1.175089163094203e-09,3.9618422732116076e-05,3.1549835510795093e-06,3.1119922583771458e-06,0.0003901569805190098,0.0003879179341540884,0.005170785153362439
0.21301551798053991,0.013651415767161763,6.629787694942549e-06,1.8949868527896465e-08,1.2896084810600195e-09,4.364386645529456e-05,3.1614809705289165e-06,3.112136354822167e-06,0.0003904416970208397,0.0003879186228656953,0.005170859041988978
0.21507578369773278,0.014549357107460177,7.429651587415757e-06,2.176356732455419e-08,1.416234863169139e-09,4.808636125751132e-05,3.1688995200341056e-06,3.112297237500813e-06,0.00039076082836886475,0.00038791941184580743,0.005170942451381099
0.2171559761078994,0.015497671797776062,8.321025545134517e-06,2.4985286681065977e-08,1.5563726216516458e-09,5.298604872387911e-05,3.1773648394600857e-06,3.1124770376409874e-06,0.00039111831087097396,0.000387920315576561,0.005171036549671813
0.2192562879401082,0.016498559292860947,9.31375779162495e-06,2.8672302522196345e-08,1.7116028400440585e-09,5.8386600207077696e-05,3.1870189608265876e-06,3.112678172988415e-06,0.00039151850304726643,0.0003879213505826696,0.005171142640505277
0.22137691378748542,0.01755427339188861,1.0418682413710439e-05,3.288961883042214e-08,1.883706840553415e-09,6.433549273721762e-05,3.1980223404092315e-06,3.1129033872569606e-06,0.000391966227557806,0.0003879225357096255,0.005171262177758664
0.22351805012524267,0.018667120888438433,1.1647709645505987e-05,3.7710963041242654e-08,2.074692831317099e-09,7.088430313163864e-05,3.210556128175986e-06,3.1131557949894828e-06,0.00039246681690985325,0.0003879238924381573,0.0051713967817412845
0.22567989532888136,0.019839460010380807,1.3013923512430044e-05,4.321990287349492e-08,2.2868261613771704e-09,7.808902119273389e-05,3.2248247003686684e-06,3.1134389325532793e-06,0.00039302616324346057,0.0003879254452394235,0.005171548257004926
0.22786264969257167,0.02107369864323489,1.4531687342072509e-05,4.951109848541421e-08,2.5226636671454027e-09,8.601038289680907e-05,3.241058483606742e-06,3.1137568160872476e-06,0.00039365077251361265,0.0003879272219759391,0.005171718611909941
0.23006651544770984,0.022372292331059314,1.621675767453394e-05,5.6691705315753876e-08,2.785092657091259e-09,9.471422448933935e-05,3.259517101685026e-06,3.1141140073222804e-06,0.00039434782340721125,0.00038792925435380946,0.00517191008010284
0.23229169678165495,0.023737742049474427,1.808640713104516e-05,6.48829445780785e-08,3.077375152159008e-09,0.0001042718584113226,3.2804928792747215e-06,3.1145156883134252e-06,0.0003951252313541101,0.0003879315784324777,0.005172125144073058
0.23453839985664654,0.025172591746006008,2.015955682620857e-05,7.422186013704606e-08,3.4031980789263127e-09,0.00011476047198747701,3.304314740036144e-06,3.114967746253376e-06,0.00039599171801310773,0.0003879342351988958,0.005172366560969159
0.23680683282890574,0.026679425643586833,2.2456918935964974e-05,8.486328242041456e-08,3.766730201763849e-09,0.00012626354980941083,3.3313525402300654e-06,3.1154768696835064e-06,0.0003969568866362609,0.00038793727121380254,0.005172637390868161
0.23909720586792063,0.028260865303747416,2.5001150060272314e-05,9.698202212280081e-08,4.17268668036026e-09,0.00013887132074519803,3.3620218827920323e-06,3.11605065758261e-06,0.0003980313037380731,0.00038794073933864725,0.0051729410277056844
0.2414097311759183,0.029919566446777065,2.7817016046348747e-05,1.1077531875087609e-07,4.62640225117506e-09,0.00015268123050069635,3.39678946103072e-06,3.116697742996669e-06,0.00039922658751999026,0.0003879446995526371,0.005173281233089563
0.24374462300752622,0.0316582155269338,3.093156896504704e-05,1.2646557155939424e-07,5.133914157035034e-09,0.00016779844064699343,3.4361789856481485e-06,3.1174279330774358e-06,0.00040055550352516826,0.0003879492198704238,0.005173662173235189
0.2461020976896214,0.03347952606162587,3.437433695932362e-05,1.4430338314890202e-07,5.702056089699461e-09,0.0001843363550121521,3.4807777536784644e-06,3.118252367625636e-06,0.00040203206802358663,0.0003879543773720819,0.005174088459277321
0.2484823736413739,0.03538623471438534,3.817752770968953e-05,1.6457094895566735e-07,6.3385645674445566e-09,0.0002024171743136014,3.531243923225708e-06,3.1191836984887055e-06,0.0004036716596532297,0.00038796025935828427,0.005174565191230358
0.25088567139448315,0.037381097132386194,4.2376246286764266e-05,1.8758582907950821e-07,7.052199345373894e-09,0.0002221724798795453,3.588314563572558e-06,3.1202362924458923e-06,0.00040549113986914064,0.0003879669646449512,0.005175098005887127
0.25331221361361006,0.039466883540240645,4.7008728185423704e-05,2.137051423841665e-07,7.852879652255071e-09,0.00024374384727329069,3.6528145563559896e-06,3.121426460528279e-06,0.000407508982778602,0.0003879746050131552,0.005175693128965167
0.2557622251170069,0.04164637409282287,5.2116588358296064e-05,2.433302265866832e-07,8.751838266411029e-09,0.00026728349059299477,3.725666430086411e-06,3.1227727170710966e-06,0.00040974541496740363,0.0003879833068317132,0.005176357431829139
0.2582359328973466,0.043922353990922224,5.774508708829801e-05,2.769118121467638e-07,9.761795686963848e-09,0.0002929549381704963,3.8079012173496214e-06,3.124296072184176e-06,0.0004122225659490182,0.0003879932128716989,0.005177098493138536
0.2607335661427533,0.046297608364610214,6.394341356023858e-05,3.149557621953703e-07,1.0897156928186312e-08,0.00032093374033631577,3.900670431601275e-06,3.126020361757373e-06,0.00041496462989537656,0.0003880044843340815,0.005177924665791136
0.2632553562580369,0.04877491693031638,7.076498801000838e-05,3.5802943552515413e-07,1.2174233766744092e-08,0.0003514082098530169,4.005259268567447e-06,3.127972619595629e-06,0.00041799803933470725,0.0003880173031138475,0.005178845149554693
0.2658015368861324,0.051357048428740185,7.826778334619878e-05,4.0676873482639086e-07,1.3611495607371593e-08,0.0003845801955456559,4.12310114592867e-06,3.1301834968074714e-06,0.0004213516515283897,0.0003880318743263118,0.005179870069802187
0.26837234392974746,0.05404675485187924,8.651466715288725e-05,4.618859079141321e-07,1.5229852505463398e-08,0.0004206658895754969,4.255793704214294e-06,3.1326877341563367e-06,0.0004250569482648295,0.000388048429123879,0.005181010562789426
0.2709680155732174,0.05684676546861204,9.557376499341829e-05,5.241781756786953e-07,1.7052974298934205e-08,0.0004598966687111569,4.405116401695327e-06,3.135524693731444e-06,0.0004291482498337955,0.00038806722783430326,0.005182278867937988
0.2735887923045741,0.05975978065945354,0.0001055188459430288,5.945372669277979e-07,1.9107650260604207e-08,0.0005025199698496982,4.573049846563256e-06,3.1387389570099534e-06,0.00043366294396927376,0.0003880885634545189,0.005183688427611254
0.2762349169378265,0.06278846557226586,0.00011642973128268262,6.739599471986147e-07,2.1424194190744973e-08,0.0005488001999281883,4.761797020843603e-06,3.142380997171182e-06,0.00043864173057246063,0.00038811276553740303,0.005185253994896616
0.2789066346354574,0.06593544361187882,0.0001283927272871912,7.635596360282749e-07,2.4036900432113176e-08,0.0005990196802440064,4.973806562342115e-06,3.1465079343934934e-06,0.00044412888304882207,0.00038814020451239604,0.005186991749932747
0.28160419293113786,0.06920328977773485,0.000141501083037192,8.645792151070612e-07,2.6984556912054244e-08,0.0006534796250691927,5.21179828348075e-06,3.151184383822614e-06,0.00045017252711392975,0.0003881712964847718,0.00518891942534704
0.2843278417526608,0.0725945238648097,0.0001558554741764461,9.784051382264577e-07,3.0311022003743846e-08,0.0007125011543001625,5.478791119172004e-06,3.1564834069543884e-06,0.00045682493794178066,0.00038820650856253165,0.005191056441394774
0.28707783344509685,0.07611160354418418,0.00017156451352279265,1.1065829629998817e-06,3.406587275751984e-08,0.0007764263397291185,5.778133709925227e-06,3.1624875783340366e-06,0.00046414285654622546,0.00038824636476441726,0.005193424051418344
0.2898544227941741,0.07975691734072718,0.00018874528942257177,1.250834434004256e-06,3.8305132890167055e-08,0.0008456192843571573,6.113537841194083e-06,3.16929018074689e-06,0.00047218782630069713,0.0003882914525674253,0.005196045498271578
0.2926578670498838,0.08353277752640277,0.00020752393271391737,1.413076257290643e-06,4.309208984212147e-08,0.0009204672339914642,6.4891149755776604e-06,3.176996543472265e-06,0.00048102655051328807,0.00038834243015747113,0.005198946182380938
0.29548842595031416,0.08744141294872654,0.00022803621313369625,1.5954407171682265e-06,4.849821122760642e-08,0.0010013817201800239,6.909416130892112e-06,3.185725539703066e-06,0.0004907312719830857,0.00038840003445252645,0.005202153842141883
0.2983463617457163,0.0914849618148527,0.0002504281659654928,1.8002982978017635e-06,5.460417211896437e-08,0.0010887997333369382,7.379475374344726e-06,3.1956112609101654e-06,0.0005013801754691495,0.0003884650899736636,0.005205698747374844
0.30123193922279984,0.09566546445267338,0.0002748567496815348,2.0302824845031353e-06,6.150100583288547e-08,0.001183184924699883,7.904857221074537e-06,3.206804887764567e-06,0.0005130578140052583,0.0003885385186460034,0.005209613906590827
0.30414542572926634,0.09998485607116105,0.0003014905352794287,2.288316932664304e-06,6.929139223239093e-08,0.0012850288355388737,8.491708244178344e-06,3.2194767792345875e-06,0.0005258555599912219,0.00038862135061860817,0.00521393528884155
0.3070870911985787,0.1044449595429423,0.0003305104279545016,2.5776452060938487e-06,7.809109903459782e-08,0.0013948521518020018,9.146813223010444e-06,3.233818803663385e-06,0.0005398720819846682,0.0003887147361999179,0.005218702060952965
0.31005720817497057,0.10904747823279527,0.000362110421680094,2.901863301100606e-06,8.80305932314034e-08,0.0015132059821402366,9.877656177029115e-06,3.2500469380185094e-06,0.0005552138481054893,0.0003888199590134122,0.005223956840963716
0.3130560518386974,0.1137939888963663,0.00039649838719086293,3.264955188033523e-06,9.925684150004415e-08,0.0016406731569996683,1.0692486653742817e-05,3.2684041641050048e-06,0.000571995656948043,0.00038893845048683,0.005229745968611489
0.31608390003153164,0.11868593467393214,0.00043389689377769917,3.6713316181510197e-06,1.1193532041542932e-07,0.0017778695462064456,1.1600391661370458e-05,3.289163693363088e-06,0.0005903411968734377,0.0003890718057975133,0.005236119793729847
0.3191410332825048,0.1237246182044598,0.00047454406520678954,4.125872460666976e-06,1.262522593895649e-07,0.0019254453921977567,1.2611373659645631e-05,3.31263255494757e-06,0.0006103836345252595,0.00038922180140628604,0.005243132983435922
0.3222277348338985,0.12891119488554909,0.0005186944699693479,4.63397285261172e-06,1.424171415693167e-07,0.002084086655772086,1.373643504572855e-05,3.3391555851268515e-06,0.0006322662333765774,0.0003893904143227668,0.005250844849004778
0.32534429066748605,0.13424666630506973,0.000566620045952321,5.201593462761214e-06,1.606654904372203e-07,0.0022545163709448883,1.4987669596405921e-05,3.3691198596633714e-06,0.0006561430030735016,0.0003895798432561621,0.005259319693339278
0.32849098953103034,0.13973187387043032,0.0006186110594936124,5.835315190322168e-06,1.812619725968268e-07,0.0024374960052021125,1.637836135260135e-05,3.4029596147644215e-06,0.0006821793802906017,0.00038979253181742834,0.005268627179954342
0.33166812296503384,0.14536749266141263,0.0006749770986476776,6.54239863931326e-06,2.0450385020084734e-07,0.0026338268211448714,1.792309145763214e-05,3.4411617064429605e-06,0.0007105529417555329,0.00039003119395123695,0.005278842724401384
0.3348759853297513,0.15115402553241755,0.0007360481003389369,7.3308487306421015e-06,2.3072481971490838e-07,0.002844351235216358,1.9637853486564207e-05,3.484271662723913e-06,0.0007414541500341803,0.00039029884178947105,0.0052900479090620236
0.33811487383246175,0.1570917974897266,0.000802175410920501,8.209484835722902e-06,2.602992772202723e-07,0.0030699541688952547,2.1540177830347013e-05,3.5329003880946244e-06,0.0007750871325926216,0.00039059881613201817,0.0053023309222395626
0.34138508855500443,0.16318095036905064,0.0008737328794847954,9.18801683809569e-06,2.936470542652062e-07,0.0033115643874333934,2.364926572507241e-05,3.587731584952085e-06,0.0008116704945683277,0.00039093481977544664,0.005315787022471801
0.34468693248158155,0.16942143783816802,0.0009511179830901624,1.0277127552856362e-05,3.312386723968438e-07,0.0035701558209077014,2.5986133543587106e-05,3.6495299625678746e-06,0.0008514381655895224,0.0003913109539257624,0.005330519028979113
0.3480207115268296,0.17581302074886793,0.001034752982873834,1.1488561957753827e-05,3.736011689648349e-07,0.003846748862050842,2.857376799367813e-05,3.71915031029944e-06,0.0008946402808783463,0.00039173175794785827,0.0053466378391469485
0.3513867345641621,0.18235526286170406,0.0011250861098166354,1.2835223714506635e-05,4.213245516068442e-07,0.004142411635022635,3.143729289402053e-05,3.7975475184484098e-06,0.0009415440967600374,0.00039220225272150493,0.005364262973921679
0.3547853134543866,0.18904752696623361,0.0012225927787086084,1.4331279484185947e-05,4.7506894402702285e-07,0.004458261228986936,3.460414822587742e-05,3.885787637329416e-06,0.0009924349405763969,0.0003927279878917889,0.005383523151972442
0.35821676307459865,0.19588897141846304,0.0013277768286377044,1.5992271566327204e-05,5.355724912859388e-07,0.00479546489006851,3.810428218501838e-05,3.985060072792327e-06,0.001047617194867227,0.0003933150933207937,0.005404556893439031
0.36168140134735466,0.2028785471161459,0.001441171788085914,1.7835239417709658e-05,6.036600988583694e-07,0.005155241164982778,4.197035698429448e-05,4.096691024664053e-06,0.0011074153155377583,0.00039397033506703266,0.005427513154046512
0.3651795492701285,0.21001499493140446,0.0015633421624695447,1.9878850633376778e-05,6.80253086209659e-07,0.005538860989361622,4.623796918259988e-05,4.222158283370427e-06,0.0011721748835735088,0.00039470117623968416,0.005452551990320548
0.3687115309450501,0.21729684361881912,0.0016948847417022415,2.2143541999370472e-05,7.663798426172697e-07,0.005947648713540482,5.094588534032969e-05,4.363107509390151e-06,0.0012422636896958685,0.0003955158430960221,0.00547984525658312
0.3722776736089343,0.2247224082157535,0.001836429925093079,2.465167125371158e-05,8.631875804492907e-07,0.0063829830583314855,5.613629382473222e-05,4.521370130210716e-06,0.0013180728511726077,0.00039642339677258253,0.005509577334345996
0.37587830766359914,0.23228978895014107,0.001988643060616196,2.742768021923515e-05,9.719552891318454e-07,0.006846297993082509,6.1855073610459e-05,4.698983000124949e-06,0.001400017959806724,0.00039743381106351397,0.00554194589464835
0.37951376670647763,0.2399968706693596,0.0021522257953056536,3.0498269998864732e-05,1.0941080016209109e-06,0.0073390835281186475,6.815208094093117e-05,4.8982099795550665e-06,0.0014885402599252254,0.0003985580566832073,0.005577162693805221
0.383184387561525,0.2478413228021133,0.0023279174332391907,3.389258895061084e-05,1.231232494368136e-06,0.007862886413481015,7.508145473456208e-05,5.121565602643203e-06,0.0015841078549762657,0.00039980819247464975,0.005615454402944446
0.3868905103104258,0.25582059986344863,0.002516496297278638,3.764243418585762e-05,1.3850945515624925e-06,0.008419310735721245,8.270194163613631e-05,5.371841014629513e-06,0.0016872169411190994,0.0004011974640499412,0.005657063471610996
0.3906324783241019,0.2639319425111616,0.0027187810904342733,4.1782467360153386e-05,1.5576579348680174e-06,0.009010018404380395,9.107724162741424e-05,5.652132374073701e-06,0.0017983930659565017,0.00040274041037500374,0.005702249025609044
0.39441063829452605,0.27217237915991715,0.0029356322524162165,4.6350445550564686e-05,1.75110521098915e-06,0.009636729519681583,0.00010027637512201825,5.965871929286305e-06,0.0019181924103143287,0.00040445297883662636,0.0057512877991331484
0.3982253402668421,0.28053872815739256,0.0031679533066292964,5.13874680374592e-05,1.9678606012067535e-06,0.01030122261289709,0.0001103740724774911,6.3168619934429924e-06,0.0020472030907178547,0.0004063526493565542,0.005804475101110389
0.4020769376717983,0.2890276005247155,0.003416692192561068,5.693823983113542e-05,2.2106150295655244e-06,0.011005334750818335,0.00012145118686179252,6.70931205877596e-06,0.002186046479950414,0.00040845856814425023,0.005862125815535145
0.40596578735849004,0.29763540326134635,0.003682842578205066,6.305135280473554e-05,2.482353559681733e-06,0.01175096149575827,0.0001335951314119588,7.1478793069876505e-06,0.002335378542806738,0.00041079169170713876,0.005924575435426709
0.40989224962742354,0.3063583432124573,0.003967445146858505,6.977958531415234e-05,2.7863854242051465e-06,0.012540056712560406,0.00014690034161897429,7.637712790627598e-06,0.0024958911838728727,0.00041337494176446404,0.0059921811298778065
0.41385668826389693,0.3151924314946698,0.0042715888523319895,7.718022120281995e-05,3.1263768658289023e-06,0.01337463221416867,0.00016146876386448437,8.184501578619542e-06,0.0026683136038761915,0.0004162333717382394,0.006065322843488157
0.4178594705717051,0.3241334884738737,0.004596412136315623,8.531538910412267e-05,3.5063870244211435e-06,0.014256757237440486,0.0001774103710216257,8.794527178433246e-06,0.0028534136608553704,0.00041939434552198176,0.006144404427292538
0.42190096740716987,0.3331771492866637,0.00494310410135869,9.425242296631478e-05,3.9309071213660426e-06,0.015188557741054425,0.00019484370601338647,9.474720567560985e-06,0.003051999232100752,0.0004228877292548668,0.006229854800096524
0.4259815532135003,0.3423188698947806,0.005312905632644077,0.00010406424473400669,4.404903209569074e-06,0.016172215517582383,0.00021389645419724016,1.0232724187983116e-05,0.003264919572512816,0.0004267460968554367,0.006322129138925818
0.430101606055484,0.3515539336597956,0.005707110461473635,0.00011482977012607779,4.933862775810207e-06,0.017209967112060576,0.00023470604541377975,1.1076959279177022e-05,0.003493066664720524,0.00043100495009485253,0.006421710097076875
0.43426150765451516,0.3608774584231752,0.00612706616313048,0.00012663433845197053,5.523845501232399e-06,0.01830410253970988,0.0002574202864994021,1.201669894793124e-05,0.0037373765559949486,0.00043570295401471445,0.006529109048027483
0.438461643423961,0.3702844040747892,0.006574175081550207,0.0001395701674063387,6.181538505732631e-06,0.019456963795820216,0.00028219802501825315,1.3062147396742306e-05,0.003998830676686711,0.00044088218851845397,0.006644867353226545
0.4427024025048692,0.37976958059091215,0.007049895173017539,0.00015373683377554846,6.914316422881791e-06,0.020670943151231996,0.0003092098449161926,1.4224525756877135e-05,0.0042784571346112825,0.0004465884169879914,0.006769557651533014
0.446984177802024,0.3893276565208274,0.007555740760911427,0.00016924178097823124,7.73030667373299e-06,0.021948481227318236,0.00033863879473922223,1.5516164997234054e-05,0.004577331979505535,0.00045287137279853665,0.0069037851678151714
0.45130736602034566,0.398953167899238,0.008093283193349444,0.00018620085434542928,8.638460330473322e-06,0.02329206484488996,0.00037068114898991403,1.6950606405893333e-05,0.004896580431382641,0.00045978506462375013,0.0070481890379533105
0.45567236770164704,0.40864052755993474,0.008664151395439424,0.0002047388650236448,9.648628984321565e-06,0.0247042246420276,0.0004055472031178754,1.8542710167658715e-05,0.0052373780663254686,0.00046738810144079815,0.007203443647213778
0.46007958726174303,0.4183840348244362,0.009270032307727995,0.00022499018335563937,1.077164805634369e-05,0.026187532456465643,0.0004434621025534516,2.0308772587888446e-05,0.005600951952978623,0.0004757440381597249,0.007370259978678374
0.4645294330279196,0.42817788553773817,0.009912671202350414,0.0002470993625589174,1.2019427014925521e-05,0.02774459846883975,0.0004846667060975523,2.2266652540433356e-05,0.005988581732732699,0.00048492174281378707,0.0075493869681238866
0.4690223172767653,0.4380161824218196,0.01059387186833321,0.00027122179347991826,1.3405046989467758e-05,0.02937806810383726,0.0005294184838742909,2.443590774544891e-05,0.006401600636340462,0.0004949957862565944,0.007741612861451327
0.4735586562723682,0.4478929457161839,0.011315496657483388,0.0002975243911526435,1.4942866296407724e-05,0.03109061868707466,0.0005779924499366959,2.6837941511136907e-05,0.006841396429466672,0.0005060468553177149,0.00794776657046513
0.47813887030488306,0.4578021240734825,0.012079466382317843,0.0003261863138333814,1.664863442086788e-05,0.032884955856356785,0.0006306821294888776,2.9496160601995566e-05,0.007309412279453705,0.0005181621903705199,0.008168719022500086
0.4827633837294707,0.46773760567715433,0.012887760057546646,0.0003573997151178679,1.8539615025020326e-05,0.034763809726850746,0.0006878005605504663,3.2436144924790666e-05,0.007807147535385955,0.0005314360482640366,0.008405384499089662
0.48743262500561385,0.4776932295470599,0.013742414476725005,0.0003913705296732922,2.06347185825673e-05,0.03672993081063119,0.0007496813297405545,3.568582975207079e-05,0.008336158413359291,0.0005459701915641071,0.008658721958565058
0.4921470267368161,0.4876627969982717,0.01464552361583575,0.0004283192930347388,2.2954645267477316e-05,0.038786085692020994,0.0008166796416989478,3.927570123150654e-05,0.008898058578711905,0.0005618744050378264,0.008929736337171403
0.49690702571067913,0.49764008321749165,0.015599237855751735,0.00046848199582321043,2.5522038754190572e-05,0.040935052461151,0.0008891734214915611,4.32390059574385e-05,0.009494519616847172,0.0005792670402985569,0.009219479822986857
0.501713062939373,0.5076188489210967,0.016605763015770866,0.0005121109726406007,2.836165161581969e-05,0.04317961590921268,0.0009675644491651764,4.761197540865654e-05,0.010127271384188717,0.0005982755895066125,0.009529053096636016
0.5065655837004955,0.5175928520584117,0.017667359190699703,0.0005594758257848462,3.150052303626992e-05,0.04552256248994354,0.0010522795254234113,5.2434066083342676e-05,0.010798102230744792,0.0006190372889922141,0.00985960653249959
0.5114650375783265,0.5275558595236366,0.01878633938430027,0.0006108643838062368,3.49681695815897e-05,0.04796667505299097,0.0011437716671917032,5.7748216188151e-05,0.011508859085733396,0.0006416997536324826,0.010212341353842412
0.5164118785054822,0.5375016588398128,0.01996506793230442,0.0006665836947930396,3.879678980506224e-05,0.05051472735592793,0.0012425213316240135,6.360111976330591e-05,0.012261447397731492,0.0006664216427723949,0.010588510735012838
0.5214065648049715,0.5474240697783288,0.021205958708638034,0.0007269610541309378,4.30214834894035e-05,0.05316947836283653,0.001349037666878107,7.004351914916031e-05,0.013057830920860127,0.0006933733584304493,0.010989420843609252
0.5264495592326597,0.557316955877755,0.022511473108993194,0.0007923450663263344,4.768048635778825e-05,0.055933666338538926,0.0014638597877502087,7.713051672161785e-05,0.013900031338610638,0.0007227377764729183,0.011416431815268455
0.5315413290201427,0.5671742358262348,0.02388411780643062,0.0008631067403179731,5.281542111305243e-05,0.058810002748724284,0.0015875580740138348,8.492190684390004e-05,0.014790127717050482,0.0007547110113755138,0.011870958653505848
0.5366823459180355,0.576989894672249,0.02532644227429423,0.0009396406175247913,5.847156569114866e-05,0.061801165977391624,0.0017207354890519477,9.348252900008862e-05,0.01573025577932815,0.0007895032151177386,0.012354472046832583
0.5418730862396794,0.5867579948293296,0.026841036072371677,0.0010223659316902244,6.4698139640527e-05,0.06490979487420179,0.001864028916107482,0.00010288264309135356,0.01672260699362359,0.0008273394106727665,0.012868499095192009
0.5471140309052747,0.5964726868411867,0.028430525892938645,0.0011117277993845744,7.154860956333369e-05,0.06813848214549623,0.002018110509204902,0.00011319832788853041,0.017769427466966636,0.0008684603604640447,0.013414623937599476
0.5524056654864338,0.6061282198747412,0.030097572364076917,0.0012081984398174957,7.90810145769205e-05,0.07148976760387933,0.0021836890555152976,0.00012451190364434097,0.01887301663766885,0.0009131234700585299,0.013994488272736349
0.5577484802511722,0.6157189519097588,0.03184486660846576,0.0013122784223927849,8.735831277490216e-05,0.07496613129240211,0.002361511345652091,0.0001369123798748424,0.02003572575949474,0.0009616037272555357,0.01460979176414836
0.5631429702093306,0.6252393595950596,0.03367512655669502,0.0014244979402071132,9.644874968554628e-05,0.07856998650047264,0.0025523635480924037,0.0001504959293221565,0.02125995617112232,0.0010141946766089064,0.015262292321625104
0.5685896351584374,0.63468404774272,0.03559109301504833,0.0015454181074542063,0.00010642624974141092,0.0823036726896888,0.0027570725836234176,0.0001653663891089219,0.022548157344926358,0.0010712094292888593,0.015953806250301274
0.5740889797300154,0.6440477584332299,0.037595525488649986,0.0016756322784463409,0.00011737083178751298,0.08616944834881393,0.002976507495414654,0.00018163579008883543,0.023902824709649884,0.0011329817080478438,0.016686208259018214
0.5796415134363345,0.6533253797062119,0.03969119776185055,0.0018157673857065086,0.00012936904966559976,0.0901694837980893,0.0032115808100162384,0.0001994249153867214,0.025326497242116695,0.001199866926902253,0.01746143131952141
0.5852477507176193,0.662511953813074,0.04188089323875096,0.0019664852943180925,0.0001425144589190188,0.09430585396400207,0.0034632498842830203,0.00021886388910542746,0.026821754823777116,0.0012722433049786274,0.0182814663681476
0.5909082109897104,0.671602685009788,0.04416740004782025,0.0021284841694449185,0.00015690811066586252,0.09858053114648647,0.003732518232924745,0.0002400927961551244,0.028391215358570056,0.0013505130137989657,0.01914836184177418
0.5966234186921885,0.6805929468699197,0.046553505915651335,0.002302499853654167,0.00017265907368716705,0.10299537780132954,0.0040204368310869055,0.0002632623341329153,0.03003753164932874,0.0014351033570954165,0.020064223039968777
0.6023939033369655,0.6894782891000165,0.04904199281601425,0.002489307250388941,0.00018988498577167954,0.10755213936127465,0.004328105386075196,0.00028853449814665355,0.03176338803075073,0.001526467982049451,0.02103121130548802
0.6082201995573401,0.6982544438414916,0.051635631401498815,0.002689721709646743,0.00020871263534860462,0.1122524371199444,0.004656673572051696,0.00031608329943613,0.033571496757792314,0.0016250881206451807,0.022051543015530653
0.6141028471575336,0.70691733144526,0.05433717522620139,0.002904600411627454,0.0002292785744246203,0.11709776120327475,0.005007342221256003,0.0003460955185971184,0.03546459414924145,0.0017314738596114654,0.023127488376461905
0.6200423911627023,0.7154630657074817,0.05714935476906802,0.003134843743818789,0.000251729763820757,0.12208946365359566,0.00538136446503855,0.0003787714941585837,0.03744543648715209,0.00184616543720206,0.024261370015080285
0.6260393818694334,0.7238879585569338,0.06007487126868464,0.0033813966666920853,0.00027622425167831473,0.1272287516518665,0.005780046817741607,0.00041432594720052017,0.039516795673800134,0.001969734564828998,0.025455561359909805
0.6320943748967304,0.7321885241867007,0.06311639038147906,0.003645250062887334,0.0003029318861703749,0.13251668090383467,0.006204750196226714,0.00045298884262911837,0.04168145464883688,0.002102785771321616,0.02671248480646264
0.6382079312374903,0.7403614826250307,0.06627653567646623,0.003927442064474635,0.0003320350633163606,0.13795414921603738,0.006656890867627662,0.0004950062876467297,0.043942202570362854,0.0022459577673325875,0.028034609660930285
0.6443806173104801,0.7484037627423804,0.0695578819808302,0.004229059352593272,0.00036372951075122585,0.14354189028761694,0.007137941317708447,0.0005406414678665623,0.04630182976473044,0.002399924827154434,0.02942444985733083
0.6506130050128148,0.7563125046938055,0.07296294859177492,0.004551238423489229,0.0003982251082478586,0.14928046774384396,0.007649431032028412,0.0005901756214255681,0.04876312245099032,0.0025653981849452262,0.030884561443758306
0.6569056717729429,0.7640850617979703,0.07649419237119384,0.004895166814700566,0.00043574674573092047,0.15517026943706,0.008192947181963884,0.0006439090513437423,0.05132885724703179,0.002743127442092613,0.03241753983405473
0.6632592006041476,0.771719001856134,0.08015400074079762,0.005262084284879686,0.00047653521945239695,0.16121150204044749,0.008770135207509942,0.0007021621762637306,0.054001795465619486,0.002933901982170803,0.034026016821949084
0.6696741801585587,0.779212107916481,0.08394468459637981,0.00565328394049233,0.0005208481669232049,0.16740418595959508,0.009382699288689246,0.0007652766195811421,0.05678467720968955,0.003138552389667744,0.035712657355481375
0.6761512047816943,0.786562378491157,0.08786847116092075,0.006070113302401438,0.000568961041111532,0.1737481505862999,0.010032402697331742,0.0008336163368435544,0.05968021527745056,0.0033579518683808413,0.03748015607035847
0.6826908745675249,0.7937680272352564,0.09192749679716897,0.0065139753051272065,0.0006211681243263677,0.18024302991835012,0.010721068020957524,0.0009075687811543932,0.06269108888900145,0.003593017655099427,0.039331233581755484
0.6892937954140728,0.8008274820988467,0.09612379980124743,0.006986329221378661,0.0006777835821045266,0.18688825856825828,0.011450577250503363,0.0009875461061673845,0.06581993724735798,0.003844712423914165,0.04126863253499827
0.6959605790795479,0.8077393839648537,0.10045931319965755,0.00748869150427831,0.0007391425573107863,0.1936830681829834,0.012222871723677567,0.0010739864060977712,0.06906935294793855,0.004114045676217371,0.043295113416519454
0.702691843239027,0.8145025847873032,0.10493585757282431,0.008022636539551434,0.0008056023045439001,0.20062648429565683,0.013039951915816103,0.0011673549920086523,0.07244187525171059,0.004402075111187468,0.045413450127484746
0.7094882115416814,0.8211161452459588,0.10955513392900097,0.008589797299829095,0.0008775433648160595,0.2077173236291634,0.013903877070241754,0.0012681457034545613,0.07593998323832167,0.004709907971285488,0.04762642532352
0.7163503136685573,0.8275793319348677,0.114318716652964,0.009191865893120463,0.0009553707803401213,0.21495419187016734,0.014816764660304295,0.0013768822543805649,0.07956608885663659,0.0050387023570356865,0.049936825525043436
0.7232787853909156,0.8338916141036772,0.11922804655443488,0.009830593997449084,0.0010395153491178299,0.2223354819307907,0.015780789675501092,0.001494119611984016,0.08332252989116194,0.005389668505115605,0.05234743600380489
0.7302742686291358,0.8400526599718217,0.12428442404158886,0.010507793173620062,0.0011304349188735242,0.22985937271367085,0.01679818372434948,0.0016204454070483684,0.08721156286385882,0.005764070023548219,0.05486103545236162
0.7373374115121917,0.8460623326368159,0.12948900244532854,0.011225335048095485,0.0012286157197218559,0.23752382839453628,0.01787123394700307,0.0017564813740547803,0.09123535589181282,0.006163225077569835,0.057480390444364635
0.7444688684376964,0.8519206855988858,0.1348427815202091,0.011985151358002866,0.0013345737347952994,0.24532659823475167,0.019002281730975786,0.0019028848191685666,0.09539598152213648,0.006588507519545878,0.06020824969468822
0.7516693001325352,0.8576279579250775,0.14034660114802308,0.012789233850392927,0.0014488561078885545,0.2532652169345351,0.020193721223765445,0.0020603501139848336,0.09969540956634679,0.007041347956125606,0.06304733812961312
0.7589393737140802,0.8631845690767335,0.1460011352700283,0.013639634027995139,0.0015720425870022598,0.2613370055356774,0.021447997636643512,0.002229610212701703,0.10413549995722052,0.0075232347456660065,0.06600035077844166
0.7662797627519989,0.8685911134248819,0.15180688607369144,0.014538462733898411,0.0017047470024894715,0.26953907288068446,0.02276760533441279,0.0024114381901718693,0.1087179956518476,0.008035714918820642,0.06906994649910457
0.7736911473306608,0.8738483544786045,0.15776417845957666,0.01548788956781101,0.0018476187783252015,0.27786831763327025,0.024155085706520172,0.002606648798065062,0.11344451560522605,0.0085803950150803,0.07225874155148213
0.7811742141121457,0.8789572188518489,0.16387315481364345,0.01649014212682839,0.0020013444748334173,0.28632143086308404,0.02561302481555162,0.0028161000361563914,0.11831654783926918,0.009158941827973941,0.07556930303331805
0.7887296563998638,0.8839187899944347,0.17013377010973746,0.01754750506396361,0.0021666493610181564,0.2948948991954679,0.027144050819831386,0.003040694735540723,0.12333544263254659,0.00977308305159149,0.07900414219473854
0.7963581742027894,0.8887343017131606,0.17654578736645027,0.01866231895807294,0.0023442990144571306,0.3035850085249049,0.02875083116759441,0.0032813821503622966,0.12850240585641826,0.010424607821077923,0.08256570764849462
0.8040604743003158,0.8934051315089666,0.18310877348179028,0.01983697898923939,0.002535100946528712,0.3123878482886709,0.030436069560999174,0.0035391595544434374,0.13381849248345856,0.011115367139773296,0.08625637849412003
0.8118372703077416,0.8979327937560421,0.1898220954682604,0.021073933414163186,0.0027399062505581422,0.32129931629503167,0.032202502689099556,0.00381507383899951,0.13928460029420825,0.011847274185737706,0.0900784573752324
0.8196892827423816,0.9023189327485788,0.19668491710994837,0.02237568183664359,0.002959611270286963,0.33031512409813274,0.03405289672978809,0.004110223107438552,0.14490146380828944,0.012622304490505588,0.09403416349018383
0.8276172390903264,0.9065653156406082,0.2036961960621626,0.023744773268836384,0.003195159285894718,0.3394308029095889,0.03599004362167518,0.004425758263069891,0.15066964846585085,0.01344249598306621,0.09812562557721266
0.835621873873842,0.9106738253039534,0.21085468141291264,0.02518380397961403,0.0034475422146329365,0.3486417100345921,0.03801675710784911,0.004762884585383098,0.15658954508506584,0.014309948892261424,0.10235487489610388
0.8437039287194238,0.9146464531288645,0.2181589117242191,0.02669541512706239,0.003717802322972941,0.35794303581824577,0.040135868554497835,0.005122863290414365,0.16266136462108696,0.01522682550103805,0.10672383822918122
0.8518641524265078,0.9184852917913242,0.22560721356980026,0.028282290172904137,0.004007033947021345,0.36732981108573587,0.042350222548437774,0.0055070130705908125,0.1688851332513936,0.016195349746286503,0.11123433092517666
0.8601033010368464,0.9221925280103618,0.23319770058413794,0.02994715207744716,0.004316385217823495,0.37679691505790774,0.044662672278696386,0.005916711609338599,0.17526068781188217,0.017217806658343913,0.11588805001017408
0.8684221379045554,0.9257704353179754,0.24092827303629008,0.03169276027451975,0.004647059788057164,0.3863390837218356,0.047076074708427944,0.006353397065659401,0.18178767160734666,0.018296541634639375,0.12068656739038472
0.8768214337668387,0.9292213668634571,0.24879661794007946,0.03352190742676243,0.005000318556519453,0.39595091863405774,0.0495932855445972,0.00681856952382573,0.18846553061915683,0.019433959542413056,0.1256313231719818
0.8853019668153971,0.9325477482730384,0.25680020971047024,0.035437415962605544,0.005377481386730834,0.40562689613231834,0.0522171540140411,0.0073137924033197825,0.19529351013198737,0.0206325236459491,0.13072361912359104
0.8938645227685255,0.9357520705848441,0.2649363113740407,0.03744213439726267,0.00577992881592507,0.4153613769299146,0.05495051745571388,0.007840693824147224,0.20227065180037143,0.02189475435432797,0.13596461230729834
0.9025098949439141,0.9388368832781576,0.2732019763395005,0.03953893344111652,0.006209103750664459,0.42514861606511234,0.05779619574011915,0.008400967922698264,0.20939579117465962,0.02322322778632418,0.14135530890420198
0.9112388843321434,0.9418047874149563,0.2815940507321435,0.04173070189995011,0.006666513145317685,0.434982773176537,0.06075698552813561,0.008996376113405088,0.21666755570463234,0.024620574149750316,0.1468965582605629
0.9200522996708987,0.9446584289106219,0.29010917629407307,0.04402034237259977,0.007153729659669219,0.44485792307406563,0.06383565438265058,0.009628748291563736,0.22408436323761327,0.026089475933284062,0.15258904718055782
0.9289509575198992,0.9474004919496075,0.29874379384987637,0.04641076675274466,0.007672393291991455,0.45476806657342017,0.06703493474760036,0.010299983972846177,0.23164442102637106,0.02763266590959816,0.15843329449142535
0.9379356823365512,0.9500336925607237,0.3074941473352712,0.04890489154272321,0.008224212984011636,0.46470714156151827,0.07035751781019546,0.011012053365232644,0.2393457252604693,0.029252924949455,0.16442964590648812
0.9470073065523347,0.9525607723655459,0.31635628838405827,0.05150563298845285,0.008810968194343936,0.47466903425861434,0.07380604726325969,0.011766998369344143,0.24718606113298583,0.030953079647319085,0.17057826921108835
0.9561666706499268,0.9549844925122888,0.3253260814665035,0.05421590204573559,0.009434510437137167,0.4846475906423789,0.07738311298572915,0.012566933503452978,0.2551630034526919,0.03273599975998107,0.17687914979589886
0.9654146232410731,0.9573076278063145,0.3343992095700711,0.05703859918944252,0.010096764782911815,0.49463662799834196,0.0810912446604436,0.013414046749798495,0.26327391780987497,0.03460459546067552,0.18333208656137642
0.9747520211452106,0.9595329610472738,0.34357118041122403,0.059976609078279924,0.010799731318828389,0.5046299465605427,0.08493290534938797,0.014310600319233946,0.27151596230199543,0.036561814412203075,0.189936688216287
0.9841797294688511,0.9616632775817082,0.35283733316483096,0.06303279508904942,0.011545486565945744,0.5146213412058079,0.08891048504752919,0.015258931331684232,0.27988608982331226,0.03861063866363989,0.1966923699922728
0.9936986216857369,0.9637013600787869,0.36219284569556887,0.06620999373550371,0.012336184851392073,0.5246046131648259,0.09302629423730295,0.016261452410399765,0.2883810509205046,0.04075408137632096,0.20359835079534833
1.0033095797177614,0.9656499835357021,0.3716327422735793,0.06951100898806592,0.013174059633785137,0.5345735817130548,0.09728255746664526,0.017320652188549644,0.29699739721412516,0.04299518338591322,0.21065365081397316
1.0130134940166837,0.9675119105181373,0.3811519017546103,0.07293860651183082,0.014061424780705295,0.5445220958045993,0.10168140697423782,0.018439095727313323,0.30573148538355227,0.04533700960856083,0.2178570896020383
1.022811263646627,0.9692898866401143,0.39074506620283805,0.07649550784135391,0.015000675797538677,0.554444045612365,0.10622487638629702,0.019619424845291025,0.31457948171082734,0.04778264530024867,0.22520728465359993
1.0327037963673764,0.9709866362864621,0.40040684993265957,0.08018438451179559,0.015994291007575552,0.5643333739382006,0.1109148945098217,0.02086435835977089,0.32353736717653,0.05033519217971966,0.2327026504846333
1.0426920087184832,0.9726048585801206,0.41013174894388454,0.08400785216697669,0.01704483268386349,0.5741840874572546,0.11575327924767859,0.02217669224115397,0.3326009430985587,0.05299776442646331,0.2403413982353585
1.0527768261041814,0.9741472235954847,0.4199141507230087,0.08796846466583089,0.0181549481339796,0.5839902677614621,0.12074173166126675,0.02355929968264604,0.34176583730241583,0.05577348456646976,0.24812153580488497
1.0629591828791265,0.9756163688180495,0.42974834438158455,0.09206870820958203,0.019327370739592186,0.5937460821679039,0.12588183020672555,0.02501513108817526,0.35102751080932754,0.05866547925959995,0.25604086852798963
1.0732400224349625,0.9770148958496916,0.43962853110116024,0.09631099551273563,0.020564920953432105,0.6034457942587598,0.1311750251707567,0.026547213982377377,0.3603812650262871,0.0616768750035533,0.2640970004018234
1.0836202972877274,0.9783453673580608,0.4495488348528222,0.10069766004162618,0.021870507257078634,0.6130837741206872,0.13662263333208607,0.028158652847403733,0.3698222494198935,0.06481079377050016,0.27228733586821896
1.0941009691661019,0.9796103042677292,0.4595033133580664,0.10523095034480562,0.023247127083777862,0.622654508252707,0.14222583287439988,0.02985262889223881,0.3793454696536809,0.06807034859347842,0.28060908215505836
1.104683009100518,0.9808121831899789,0.46948596925654446,0.10991302449997686,0.024697867711348617,0.6321526091130498,0.14798565857624252,0.03163239976115744,0.38894579616651537,0.07145863912062132,0.2890592521778747
1.1153673975131182,0.9819534340873779,0.4794907614451666,0.1147459447024471,0.02622590713107549,0.6415728242768871,0.15390299730283796,0.03350129918889102,0.3986179731675475,0.07497874715615442,0.29763466800047
1.1261551243085943,0.9830364381686377,0.48951161655216674,0.11973167202021316,0.027834514899339826,0.6509100451784989,0.15997858382411922,0.03546273661100207,0.40835662802124295,0.07863373220788802,0.30633196485092246
1.1370471889659028,0.9840635260086148,0.49954244050894214,0.12487206134074189,0.02952705297957001,0.6601593154130999,0.16621299698235983,0.037520196738858966,0.41815628099406366,0.08242662706158027,0.3151475956868277
1.1480446006308642,0.9850369758877635,0.5095771301818725,0.13016885653429117,0.031306976582895205,0.6693158385753367,0.17260665623173277,0.03967723910944862,0.42801135533254053,0.08636043340306415,0.32407783630107156
1.1591483782096612,0.9859590123448312,0.5196095850258606,0.13562368585820128,0.03317783501664265,0.6783749856133474,0.17915981857085728,0.041937497621043825,0.4379161876407437,0.09043811750938807,0.33311879095682784
1.1703595504632398,0.9868318049361301,0.5296337187210071,0.14123805762595573,0.03514327255049629,0.6873323016791958,0.18587257588789613,0.044304680066419,0.447865038523494,0.0946626060303854,0.3422663985378268
1.1816791561026232,0.9876574671943111,0.5396434707536696,0.1470133561639542,0.037207029310718925,0.6961835124584969,0.19274485273607073,0.046782567675869656,0.45785210346012833,0.09903678188204161,0.35151643919725706
1.1931082438851484,0.9884380557792127,0.5496328179031351,0.15295083807783327,0.039372942213291316,0.7049245299640918,0.19977640455551487,0.049375014682692786,0.46787152387219205,0.10356348027274544,0.36086454148596225
1.2046478727116317,0.9891755698130492,0.5595957855952616,0.15905162884879911,0.04164494594711234,0.7135514577807084,0.20696681635521236,0.052085947923999655,0.47791739834711694,0.10824548488294809,0.37030618993785885
1.2162991117244808,0.9898719503919534,0.5695264590847275,0.16531671977878357,0.04402707401849039,0.7220605957496591,0.2143155018663352,0.054919366489716875,0.4879837939787482,0.11308552421789986,0.3798367330877683
1.2280630404067423,0.9905290802656732,0.5794189944279196,0.17174696530125563,0.046523459867987324,0.7304484440847281,0.22182170317558575,0.05787934143233022,0.49806475778448145,0.11808626815191331,0.38945139189408057
1.2399407486821217,0.9911487836770682,0.5892676292090824,0.1783430806722488,0.04913833807022074,0.7387117069125634,0.22948449084420658,0.06097001554931311,0.5081543281578578,0.1232503246810415,0.3991452685359489
1.2519333370159615,0.9917328263529291,0.599066692983002,0.18510564005348926,0.05187604562639384,0.746847295232965,0.23730276451502644,0.06419560324915738,0.5182465463145824,0.1285802368990263,0.4089133555519125
1.2640419165171999,0.9922829156375754,0.6088106173983306,0.1920350749964985,0.054741023358078504,0.7548523292965961,0.24527525400637454,0.06756039051046907,0.528335467689262,0.1340784802089083,0.41875054528412514
1.276267609041315,0.9928007007606432,0.6184939459665902,0.19913167333309825,0.057737817409019745,0.7627241403996995,0.2534005208878083,0.07106873494159739,0.5384151732395465,0.13974745977968578,0.42865163958960334
1.2886115472942632,0.9932877732304946,0.6281113434429333,0.206395578473875,0.060871080859389276,0.7704602720974422,0.261676960528389,0.07472506594566788,0.5484797806139102,0.14558950825383207,0.43861135977717824
1.3010748749374248,0.9937456673447033,0.6376576047859077,0.21382678911182149,0.06414557545389829,0.7780584808395037,0.27010280460369435,0.07853388499259792,0.5585234551389614,0.1516068837072801,0.44862435672611545
1.3136587466935636,0.994175860809164,0.6471276636647096,0.22142515932353454,0.06756617344137193,0.7855167360334534,0.2786761240428304,0.08249976599557889,0.5685404205819389,0.15780176785857353,0.4586852211396569
1.3263643284538116,0.9945797754574651,0.656516600483765,0.22919039905497554,0.07113785951868101,0.7928332195433347,0.2873948323914202,0.08662735578451261,0.5785249696439568,0.16417626451822392,0.46878849388405697
1.3391927973856868,0.9949587780623089,0.6658196498959008,0.23712207497286317,0.07486573286618692,0.8000063246326697,0.29625668956084433,0.09092137466286263,0.5884714741395539,0.17073239826281283,0.4789286763610187
1.352145342042163,0.9953141812309231,0.6750322077768776,0.24521961165623368,0.07875500925494641,0.8070346543628333,0.3052593059279253,0.09538661702719989,0.5983743948182307,0.1774721133109821,0.4891002408588061
1.3652231624717808,0.9956472443765932,0.684149837635611,0.2534822930955083,0.08281102319767494,0.813917019459362,0.31440014674269157,0.10002795202023405,0.6082282907838696,0.1843972725700576,0.49929764082468503
1.3784274703298365,0.9959591747586579,0.6931682764360737,0.26190926445858514,0.0870392301057456,0.8206524356603547,0.323676536794929,0.10485032417819498,0.6180278284682995,0.19150965681263019,0.5095153209988141
1.3917594889906408,0.9962511285835345,0.7020834398085385,0.270499534074894,0.09144520840307369,0.8272401205625547,0.33308566528278183,0.10985875402187671,0.627767790115692,0.1988109639318169,0.5197477273471652
1.405220453660864,0.9965242121595888,0.7108914266295844,0.27925197557907716,0.09603466153446369,0.8336794899821035,0.34262459081881447,0.11505833852732311,0.6374430817350567,0.20630280821214103,0.5299893167286204
1.4188116114939762,0.996779483098927,0.7195885229520937,0.2881653301459102,0.10081341979063795,0.8399701538482376,0.352290246500626,0.12045425139685173,0.6470487404787986,0.21398671953989362,0.540234566229032
1.432534221705798,0.9970179515594594,0.7281712052683285,0.29723820873726436,0.1057874418545307,0.8461119116494045,0.36207944496434685,0.12605174303368086,0.6565799414061169,0.22186414246240865,0.5504779820927844
1.4463895556911635,0.9972405815208673,0.7366361430910896,0.3064690942703129,0.11096281595329763,0.8521047474523946,0.37198888333017205,0.1318561401036816,0.6660320035910148,0.22993643498986618,0.5607141081802945
1.4603788971417173,0.9974482920884068,0.7449802008399676,0.31585634360383813,0.11634576047764797,0.8579488245161316,0.3820151479395296,0.1378728445455562,0.675400395535829,0.23820486701598675,0.5709375338779895
1.4745035421648447,0.9976419588187744,0.7532004390217494,0.3253981892263991,0.12194262390435298,0.8636444795227367,0.3921547187735928,0.14410733186586958,0.6846807398525436,0.24667061821529518,0.5811429013856393
1.488764799403762,0.9978224150625675,0.7612941146962363,0.3350927405163795,0.12775988382893866,0.8691922164494127,0.402403973432739,0.15056514852773656,0.6938688171757467,0.25533477525455195,0.5913249123046117
1.5031639901587535,0.997990453318187,0.7692586812210023,0.3449379844295755,0.13380414488345627,0.874592700105551,0.4127591905462782,0.15725190821145585,0.7029605692729445,0.26419832813451677,0.6014783334496815
1.5177024485095947,0.9981468265923258,0.7770917872710983,0.3549317854552482,0.14008213527879415,0.8798467493603429,0.4232165524715838,0.16417328669201747,0.7119521013201969,0.27326216545563203,0.6115980018066937
1.532381521439153,0.9982922497625119,0.7847912751323234,0.3650718846665037,0.14660070167211728,0.8849553300869877,0.43377214713171863,0.1713350150421376,0.7208396833136416,0.28252706837759084,0.6216788285586428
1.5472025689581859,0.9984274009374705,0.7923551782695748,0.37535589767587296,0.15336680201785008,0.8899195478504645,0.4444219688311323,0.1787428708305236,0.729619750590628,0.2919937030185056,0.6317158021038924
1.5621669642313438,0.998552922811381,0.7997817181749557,0.38578131129226795,0.16038749601524682,0.8947406403667149,0.45516191788025817,0.18640266694364274,0.7382889034379163,0.3016626110148439,0.6417039899924347
1.5772760937043955,0.9986694240084009,0.8070693005038377,0.39634547866158687,0.1676699327174103,0.8994199697620407,0.4659877988522883,0.1943202376158243,0.7468439057688557,0.31153419793907106,0.6516385397095505
1.5925313572326796,0.9987774804141297,0.814216510511031,0.40704561266062544,0.1752213348161083,0.9039590146625658,0.4768953172895142,0.20250142120767478,0.7552816828567787,0.3216087192486954,0.6615146782412491
1.6079341682108022,0.998877636490968,0.8212221078036729,0.4178787773033128,0.18304897906472745,0.9083593621447745,0.487880074673005,0.210952039227435,0.7635993181181829,0.33188626341912536,0.6713277103627507
1.6234859537035853,0.9989704065746097,0.8280850204325035,0.4288418769104313,0.19116017224923132,0.9126226995794703,0.4989375614687151,0.2196778710452092,0.7717940489467868,0.3423667318945094,0.6810730156003868
1.6391881545782898,0.9990562761491825,0.8348043383489634,0.43993164278987923,0.1995622220655477,0.916750806402985,0.5100631480662335,0.22868462370751713,0.7798632616084513,0.35304981547697156,0.6907460438290535
1.6550422256381025,0.9991357030988064,0.841379306262087,0.4511446171753282,0.20826240221323766,0.9207455458511987,0.5212520734341972,0.2379778962212793,0.7878044852174068,0.3639349667670198,0.7003423094821346
1.6710496357569293,0.9992091189336008,0.8478093159366494,0.46247713417822517,0.21726791097205295,0.9246088566938739,0.5324994313300807,0.24756313764463492,0.7956153848264982,0.37502136826845306,0.7098573843691948
1.6872118680154833,0.9992769299884089,0.8540938979824623,0.47392529752293455,0.2265858224929399,0.9283427450090167,0.5438001539227314,0.25744559829979535,0.8032937536783648,0.3863078957820421,0.7192868891190615
1.7035304198386927,0.9993395185927415,0.8602327131942781,0.4854849548592667,0.23622303001189207,0.9319492760394428,0.5551489927151165,0.267630273414096,0.8108375046808901,0.3977930767363801,0.7286264832927917
1.7200068031344369,0.9993972442106571,0.8662255435124645,0.49715166848254266,0.24618618018802502,0.9354305661764591,0.5665404966936393,0.2781218385036368,0.8182446611889881,0.40947504314447947,0.7378718542428104
1.736642544433623,0.99945044454951,0.8720722826865235,0.5089206823408327,0.25648159778139973,0.9387887751185289,0.5779689876806269,0.2889245758442395,0.8255133471959759,0.421351478934257,0.7470187048316613
1.7534391850316198,0.9994994366366817,0.8777729267366164,0.5207868852742338,0.26711519992720645,0.9420260982559474,0.5894285329296787,0.3000422914323106,0.8326417770614623,0.43341956148345484,0.7560627401665759
1.7703982811310566,0.9995445178636013,0.8833275643224933,0.5327447705142391,0.2780923993373732,0.9451447593358214,0.6009129150809465,0.3114782219295398,0.8396282449287783,0.445675897298393,0.7649996535546089
1.7875214039860061,0.9995859669965199,0.8887363671444142,0.5447883915744998,0.289417995875523,0.9481470034649285,0.6124155996863575,0.32323493121656127,0.8464711140133052,0.45811645191478034,0.7738251119372581
1.8048101400475587,0.9996240451536613,0.8939995805165962,0.5569113147894488,0.3010960561138666,0.9510350905111693,0.6239297006242329,0.3353141963583167,0.8531688059732462,0.47073647427087495,0.7825347411229233
1.822266091110813,0.9996589967485074,0.8991175142700231,0.5691065689057732,0.3131297806986313,0.9538112889671282,0.6354479438491643,0.34771688301431103,0.8597197906058377,0.4835304160112862,0.7911241111994298
1.8398908744632714,0.9996910503991057,0.9040905341576064,0.5813665923042652,0.3255213596311648,0.9564778703414837,0.6469626300661245,0.3604428106161118,0.8661225761438507,0.4964918464253545,0.7995887225758621
1.8576861230346877,0.9997204198033892,0.9089190539500426,0.5936831786259937,0.3382718159213593,0.9590371041453547,0.6584655970765426,0.37349060798713873,0.8723757004583832,0.5096133640077906,0.8079239931713109
1.8756534855483566,0.9997473045806036,0.9136035284243462,0.6060474217952783,0.35138083849317736,0.9614912535407761,0.6699481827159821,0.386857560498827,0.8784777235028187,0.5228865059494243,0.8161252473352176
1.8937946266738668,0.9997718910790119,0.9181444474579789,0.6184496616695313,0.3648466057213538,0.9638425717169882,0.6814011894845152,0.40053945034309874,0.8844272213576776,0.5363016572186635,0.8241877071466468
1.9121112271813316,0.9997943531501221,0.9225423314484367,0.630879431797202,0.3786656015526201,0.9660932990566282,0.6928148521562618,0.4145303920503076,0.8902227822546437,0.5498479612724325,0.8321064867939449
1.930604984097113,0.9998148528897354,0.9267977282797372,0.6433254110221692,0.39283242680855435,0.9682456611478074,0.7041788098365618,0.42882266598665364,0.895863004967817,0.5635132348283646,0.8398765907771399
1.9492776108610481,0.9998335413461626,0.9309112120518886,0.6557753809255047,0.4073396089690407,0.970301867688943,0.7154820841043622,0.4434065532119231,0.9013464999584138,0.5772838895230532,0.8474929166976434
1.9681308374852022,0.9998505591959927,0.9348833837755413,0.6682161913303042,0.42217741447727386,0.9722641123207267,0.726713065022127,0.45827017574730883,0.9066718936427702,0.591144863655124,0.854950263397456
1.9871664107141482,0.9998660373878241,0.9387148742100198,0.6806337362960271,0.43733366836332854,0.9741345734033507,0.7378595069024441,0.47339934696667707,0.9118378361196524,0.6050795675431315,0.8622433451770002
2.0063860941868126,0.9998800977543982,0.9424063489873881,0.6930129431768007,0.45279358671932907,0.9759154157369315,0.7489085357745455,0.48877743744820656,0.9168430126388627,0.6190698462892062,0.8693668127509913
2.025791668599862,0.9998928535935959,0.9459585161169681,0.7053377773924746,0.46853962823231154,0.9776087931989077,0.7598466704791439,0.5043852621645517,0.9216861590167075,0.6330959638988676,0.8763152814900974
2.045384931872693,0.9999044102187783,0.9493721359032194,0.7175912655401508,0.4845513715406127,0.9792168522443104,0.7706598592206022,0.5202009953003183,0.9263660811037853,0.6471366127328624,0.883083367338665
2.065167699314008,0.999914865478987,0.9526480332350734,0.7297555393356544,0.5008054255688831,0.9807417361837202,0.7813335332066302,0.5362001192125069,0.930881678286495,0.661168952125293,0.8896657305933919
2.0851418037899996,0.9999243102495499,0.9557871121177002,0.7418119025996428,0.5172753801554673,0.9821855901203528,0.7918526786958252,0.5523554140385374,0.9352319708571113,0.6751686796640303,0.8960571274753899
2.105309095894168,0.9999328288936851,0.9587903722202007,0.7537409230764445,0.5339318041535445,0.9835505663933057,0.8022019283450068,0.5686369941554203,0.9394161309213903,0.6891101380703977,0.9022524691326144
2.125671444118776,0.9999404996957586,0.9616589271080482,0.765522550286707,0.55074229770925,0.9848388303402116,0.8123656722005556,0.5850123970581367,0.9434335163328044,0.7029664598210985,0.908246887379236
2.1462307350279666,0.9999473952669243,0.964394023721634,0.7771362598680563,0.5676716045522114,0.9860525661613466,0.8223281880179378,0.6014467292237746,0.9472837069560721,0.716709750625148,0.914035806125391
2.166988873432549,0.9999535829239581,0.9669970625575468,0.7885612239630528,0.584681788850441,0.987193982640901,0.8320737898378665,0.6179028721478222,0.9509665423792122,0.7303113116174655,0.9196150170913049
2.1879477825664804,0.999959125042216,0.9694696179137731,0.799776506195593,0.6017324794802108,0.988265318461941,0.8415869929228611,0.6343417499918774,0.954482160024076,0.7437418986929226,0.9249807580540572
2.209109404265052,0.999964079383752,0.9718134574809398,0.8107612786741092,0.6187811824698717,0.9892688468419466,0.850852692301294,0.6507226582082918,0.9578310324625277,0.756972015834166,0.9301297915660288
2.2304756991448054,0.999968499401761,0.9740305605063473,0.8214950573243229,0.6357836599554249,0.9902068792176555,0.8598563513233037,0.667003650178346,0.9610140026416831,0.7699722376568143,0.9350594818352409
2.252048646785173,0.9999724345226398,0.9761231337326061,0.8319579507490333,0.6526943713304103,0.9910817677228828,0.8685841958569152,0.6831419764186271,0.9640323156685943,0.7827135547963622,0.93976786729267
2.2738302459118898,0.9999759304070839,0.9780936243238492,0.8421309168085049,0.6694669695113034,0.9918959062317902,0.877023409099333,0.6990945684048198,0.9668876458122091,0.795167734293299,0.9442537263105597
2.2958225145821776,0.9999790291917423,0.9799447290434642,0.8519960202860786,0.6860548425262034,0.9926517297826678,0.8851623215023132,0.7148185566823739,0.9695821174548487,0.8073076859012878,0.9485166335939728
2.318027490371713,0.9999817697130501,0.9816793990394005,0.8615366844200723,0.702411688140214,0.9933517122525277,0.8929905900603208,0.730271810838661,0.9721183188691582,0.8191078243477541,0.9525570049534506
2.34044723056341,0.9999841877149082,0.9833008397246823,0.8707379288049764,0.7184921071298631,0.9939983622184869,0.9004993612227619,0.7454134872567815,0.9744993079068553,0.8305444171022534,0.956376128478946
2.3630838123380267,0.9999863160419091,0.9848125054070416,0.8795865862356774,0.7342521992738222,0.9945942170148456,0.9076814119878427,0.7602045694949282,0.9767286089547442,0.8415959072170761,0.9599761805638984
2.3859393329666143,0.9999881848197854,0.9862180885147974,0.8880714915089103,0.7496501452731131,0.9951418350709188,0.9145312643168181,0.7746083857429309,0.9788102008284587,0.8522432013267981,0.963360225753727
2.409015910004829,0.999989821624695,0.9875215034758751,0.8961836360009253,0.7646467577437077,0.9956437866895811,0.9210452688535489,0.7885910881609156,0.9807484956181438,0.8624699139222787,0.9665321999870152
2.4323156814891207,0.999991251642852,0.9887268655210042,0.903916282976509,0.7792059851773436,0.9961026434954361,0.9272216550044545,0.8021220800129796,0.9825483088526443,0.8722625605052108,0.9694968774259598
2.4558408061348307,0.9999924978218665,0.9898384648876535,0.911265039992893,0.7932953543219863,0.9965209668401802,0.9330605456689508,0.8151743783244539,0.9842148216884186,0.881610694101105,0.9722598216974937
2.479593463536181,0.9999935810149767,0.9908607370854132,0.9182278863617701,0.8068863387109106,0.9969012954973657,0.9385639362375107,0.8277249022141813,0.9857535361355311,0.8905069817513604,0.9748273229500197
2.503575854368223,0.9999945201191586,0.9917982300350974,0.9248051553276526,0.819954643933934,0.9972461330066869,0.943735638813499,0.8397546799372088,0.9871702245873804,0.8989472198885496,0.9772063226382468
2.5277902005907267,0.9999953322078835,0.9926555690039164,0.9309994723083437,0.8324804035180366,0.9975579350376602,0.9485811938853825,0.8512489708393742,0.9884708751089477,0.9069302897841548,0.9794043283517161
2.5522387456540443,0.999996032659076,0.9934374203220606,0.9368156521231021,0.8444482827633455,0.9978390971340452,0.9531077528041718,0.8621973016781385,0.9896616340512012,0.914458056409571,0.9814293212812792
2.5769237547069657,0.9999966352786263,0.9941484548798303,0.9422605595167247,0.8558474913515416,0.9980919431747841,0.9573239353460412,0.8725934199087845,0.9907487475934729,0.9215352159489903,0.9832896590618463
2.6018475148065834,0.9999971524196214,0.9947933123706134,0.9473429384020937,0.8666717088050673,0.9983187148470016,0.9612396673186738,0.8824351693944723,0.9917385037735669,0.9281690987512632,0.9849939767391003
2.6270123351301864,0.9999975950973071,0.9953765671683369,0.9520732160416996,0.8769189297516424,0.9985215623749493,0.9648660035785674,0.8917242964264194,0.992637176454613,0.9343694356423262,0.9865510884918665
2.652420547189206,0.9999979730996691,0.9959026966159757,0.9564632888477108,0.8865912383038053,0.998702536689531,0.9682149419625192,0.900466195831614,0.9934509725099576,0.9401480962094753,0.98796989251753
2.67807450504523,0.9999982950934356,0.9963760523635093,0.9605262966029903,0.8956945226089923,0.9988635831601659,0.9712992335157729,0.9086696082408712,0.9941859832971652,0.9455188079158631,0.9892592811780101
2.7039765855281015,0.9999985687252567,0.9968008352395086,0.9642763917171567,0.9042381417235311,0.9990065369480945,0.9741321940535834,0.9163462802767203,0.9948481412552987,0.9504968647397769,0.9904280581342346
2.730129188456141,0.9999988007177958,0.9971810739803704,0.9677285096754125,0.9122345574225086,0.9991331199811743,0.9767275215652533,0.9235105995273065,0.9954431822117559,0.9550988335134195,0.9914848637944415
2.756534736858477,0.9999989969604878,0.9975206079843557,0.9708981461687927,0.9196989434263052,0.9992449394974953,0.9790991233095734,0.930179215762162,0.9959766137405064,0.9593422653310213,0.992438109991205
2.783195677199545,0.9999991625947527,0.997823074111854,0.9738011455745127,0.9266487838845351,0.9993434880607304,0.9812609557094487,0.936370659005945,0.9964536896847987,0.9632454183853925,0.9932959244059887
2.8101144796057507,0.9999993020935136,0.9980918974247128,0.9764535045466999,0.9331034719106132,0.9994301449151813,0.9832268793803411,0.9421049639188626,0.996879390753734,0.9668269974557359,0.9940661048961457
2.8372936380943257,0.9999994193349304,0.9983302856500901,0.9788711935395685,0.9390839176166121,0.9995061785233883,0.9850105308655058,0.9474033085439231,0.9972584109299643,0.9701059140830829,0.9947560835606972
2.864735670804399,0.9999995176703397,0.9985412270702323,0.9810699981679709,0.9446121735698062,0.9995727501136864,0.9866252119365677,0.9522876739737407,0.9975951492886385,0.9731010702988565,0.9953729001160865
2.8924431202303,0.9999995999864592,0.9987274914792295,0.9830653814553449,0.9497110839829349,0.999630918058426,0.988083796677586,0.9567805299552672,0.9978937067264294,0.975831167670298,0.9959231839450589
2.920418553457119,0.9999996687619881,0.9988916338100968,0.9848723672566129,0.9544039623497047,0.9996816429045803,0.9893986560221801,0.9609045499665527,0.9981578870326486,0.9783145424335692,0.996413144030597
2.9486645623985495,0.9999997261187941,0.9990360000183276,0.9865054444929543,0.9587143007182171,0.9997257928857768,0.990581598965776,0.9646823579252706,0.9983912016990721,0.9805690266274357,0.9968485658890522
2.977183764037022,0.9999997738679303,0.9991627348084778,0.987978491306077,0.962665512412302,0.999764149756939,0.9916438293305163,0.9681363074665149,0.9985968778569845,0.9826118344312086,0.9972348145667097
3.00597880066618,0.999999813550769,0.999273790805123,0.989304717832663,0.9662807088003544,0.9997974148083096,0.9925959167148152,0.9712882936828798,0.9987778687443346,0.9844594723530444,0.9975768427549945
3.03505234013567,0.9999998464755655,0.9993709387953142,0.9904966260094111,0.9695825096929527,0.9998262149333134,0.9934477801045358,0.9741595963640226,0.9989368661378335,0.9861276715031955,0.9978792031037835
3.0644070760983277,0.9999998737497908,0.9994557787032234,0.9915659846350212,0.9725928861299696,0.9998511086433611,0.9942086825470401,0.9767707531048105,0.9990763142295006,0.9876313399095784,0.9981460638621602
3.094045728259742,0.9999998963085753,0.9995297509960954,0.9925238178239514,0.9753330336894745,0.9998725919413677,0.9948872352800655,0.979141460160455,0.9991984244802209,0.9889845326741341,0.9983812270442082
3.123971042630233,0.9999999149396122,0.9995941482613822,0.9933804049726304,0.9778232740007291,0.9998911039836877,0.9954914097512968,0.9812904985971458,0.9993051910404701,0.9902004377097946,0.9985881483975991
3.154185791779271,0.9999999303048606,0.999650126735953,0.9941452904065143,0.9800829818526717,0.9999070324768449,0.9960285560487733,0.983235683096971,0.9993984063873524,0.9912913748206684,0.9987699585392064
3.184692775092352,0.9999999429593778,0.9996987176079474,0.9948273009710404,0.9821305351351108,0.9999207187704745,0.9965054263751651,0.9849938307039207,0.9994796768849505,0.9922688059740845,0.9989294847102062
3.2154948190303627,0.9999999533675916,0.9997408379489654,0.9954345699575525,0.9839832848089427,0.9999324626211125,0.9969282023300913,0.9865807468209341,0.9995504380298529,0.9931433547455927,0.9990692726895238
3.2465947773914468,0.9999999619173067,0.999777301168105,0.9959745659047504,0.9856575421510375,0.9999425266127759,0.9973025249053368,0.9880112258647534,0.9996119691942897,0.9939248330819802,0.9991916084864013
3.277995531575413,0.9999999689317152,0.9998088269093758,0.9964541249771083,0.9871685806374982,0.9999511402297092,0.9976335262409711,0.9892990641361956,0.9996654077247745,0.9946222737101704,0.9992985395084639
3.3096999908506874,0.9999999746796601,0.9998360503400594,0.9968794857859239,0.9885306499965054,0.9999585035843187,0.997925862330508,0.9904570826511878,0.9997117622941033,0.9952439667110576,0.9993918949698295
3.3417110926238744,0.9999999793843761,0.9998595307996724,0.9972563256798945,0.98975700016223,0.9999647908093293,0.9981837459963432,0.9914971578879715,0.9997519254389415,0.9957974989686885,0.9994733053639726
3.3740318027118836,0.9999999832309111,0.9998797597974785,0.9975897976857179,0.9908599130803899,0.9999701531277422,0.9984109795799968,0.9924302586263897,0.9997866852441695,0.9962897953904608,0.9995442208781243
3.406665115616725,0.9999999863724082,0.9998971683612807,0.9978845674220014,0.9918507405426543,0.9999747216174508,0.9986109869034544,0.9932664872767197,0.9998167361590035,0.9967271609687202,0.9996059286701793
3.4396140548029455,0.9999999889354082,0.9999121337518384,0.9981448494396888,0.9927399464524655,0.999978609689562,0.9987868441573117,0.9940151243109886,0.9998426889490943,0.997115322915307,0.9996595689658655
3.4728816729777523,0.9999999910243146,0.9999249855660746,0.9983744425582793,0.9935371521423684,0.9999819153007596,0.9989413094582801,0.9946846746139556,0.9998650798038267,0.9974594722465014,0.9997061499639174
3.506471052373845,0.9999999927251422,0.999936011258654,0.9985767638690218,0.994251183567947,0.9999847229206091,0.9990768508932298,0.9952829147605188,0.9998843786294216,0.9977643043256645,0.9997465615608857
3.5403853050349823,0.9999999941086588,0.9999454611158817,0.9987548811643309,0.9948901193928892,0.9999871052746819,0.9991956729300018,0.9958169403990934,0.9999009965667134,0.9980340579846608,0.9997815879257559
3.5746275731043133,0.9999999952330105,0.9999535527185643,0.9989115436275682,0.995461339151765,0.9999891248839149,0.999299741127596,0.9962932130755314,0.9999152927781026,0.9982725529434029,0.9998119189684541
3.609201029115495,0.9999999961459121,0.9999604749317861,0.9990492106800497,0.9959715708310617,0.9999908354198286,0.9993908051210779,0.9967176059692447,0.9999275805516604,0.9984832253304905,0.9998381607563116
3.6441088762866216,0.9999999968864703,0.9999663914597835,0.9991700789337865,0.9964269373449014,0.9999922828942043,0.9994704198907182,0.9970954481328207,0.9999381327720671,0.9986691611780777,0.9998608449392592
3.6793543488170197,0.9999999974866991,0.9999714440034928,0.999276107240244,0.9968330015002649,0.9999935067006394,0.9995399653515853,0.9974315669294793,0.9999471868083945,0.9988331278220868,0.9998804372485506
3.7149407121868694,0.9999999979727762,0.9999757550571003,0.9993690398585221,0.9971948091484449,0.9999945405241429,0.9996006643200808,0.9977303284504003,0.9999549488679796,0.9989776031860307,0.9998973451356673
3.7508712634597674,0.9999999983660833,0.9999794303782369,0.9994504277919776,0.9975169303061148,0.9999954131336236,0.9996535989287346,0.9979956757676074,0.9999615978640806,0.9991048029643355,0.9999119246182062
3.787149331588194,0.9999999986840663,0.9999825611644556,0.9995216483615326,0.9978034981021776,0.9999961490708322,0.9996997255708501,0.9982311649391497,0.9999672888428505,0.9992167057504618,0.9999244863983808
3.8237782777219396,0.999999998940945,0.9999852259664497,0.9995839230977526,0.9980582454669278,0.9999967692480488,0.9997398884631119,0.9984399987332239,0.9999721560126328,0.9993150761774791,0.9999353013176164
3.8607614955195135,0.9999999991482982,0.999987492366183,0.999638334043142,0.9982845395294159,0.999997291465593,0.9997748319177558,0.9986250580780028,0.9999763154157791,0.9994014861551688,0.9999446052078513
3.8981024114625664,0.9999999993155447,0.9999894184458106,0.9996858385618053,0.99848541372866,0.9999977308590918,0.9998052114169623,0.9987889312756112,0.9999798672802802,0.999477334299189,0.9999526031968153
3.935804485173351,0.9999999994503393,0.999991054070996,0.9997272827563697,0.9986635976757812,0.9999981002853677,0.9998316035813023,0.9989339410431263,0.9999828980855442,0.9995438636552032,0.9999594735209095
3.9738712097352553,0.9999999995588974,0.9999924420100478,0.9997634135924688,0.9988215448284475,0.9999984106548244,0.9998545151217981,0.9990621694617808,0.9999854823737399,0.9996021778249354,0.9999653708955133
4.012306112016437,0.999999999646261,0.9999936189082099,0.9997948898296671,0.9989614580572956,0.9999986712173022,0.999874390861814,0.9991754809287168,0.9999876843352967,0.9996532556025004,0.9999704294887098
4.0511127529965805,0.9999999997165165,0.9999946161344804,0.9998222918549111,0.9990853131972107,0.9999988898075524,0.9998916209108969,0.9992755432145378,0.9999895591944541,0.9996979642286733,0.9999747655406301
4.090294728096837,0.9999999997729736,0.9999954605165076,0.9998461305107783,0.9991948806853659,0.9999990730557385,0.9999065470680876,0.9993638467353246,0.9999911544182009,0.9997370713684514,0.9999784796669405
4.129855667512915,0.99999999981831,0.9999961749774279,0.9998668550062755,0.9992917453934844,0.9999992265677037,0.9999194685273172,0.999441722150369,0.9999925107695689,0.9997712559137535,0.9999816588814793
4.169799236551434,0.9999999998546903,0.9999967790869626,0.9998848599929515,0.9993773247645624,0.9999993550791476,0.9999306469524702,0.9995103563972112,0.9999936632240377,0.9998011177087172,0.9999843783697216
4.210129135969508,0.9999999998838636,0.9999972895376863,0.9999004918838357,0.9994528853648202,0.9999994625873279,0.9999403109846415,0.9995708072741469,0.9999946417657792,0.9998271862900667,0.9999867030416357
4.250849102317618,0.9999999999072412,0.9999977205561071,0.999914054487352,0.9995195579604292,0.9999995524634276,0.9999486602391527,0.9996240166775742,0.9999954720786169,0.9998499287296683,0.9999886888895899
4.291962908285806,0.9999999999259618,0.9999980842570506,0.9999258140230082,0.999578351225976,0.9999996275483194,0.9999558688450818,0.999670822597763,0.9999961761448924,0.9998697566608208,0.999990384174304
4.333474363053212,0.9999999999409429,0.9999983909488102,0.9999360035804116,0.9996301641880263,0.9999996902340885,0.9999620885754618,0.9997119699720995,0.999996772763906,0.999887032564218,0.999991830459378
4.37538731264099,0.9999999999529233,0.9999986493956121,0.9999448270780948,0.9996757975028079,0.999999742533361,0.999967451611944,0.9997481204898402,0.9999972780002286,0.9999020753839409,0.9999930635126952
4.417705640268645,0.9999999999624977,0.9999988670431195,0.9999524627737819,0.9997159636621822,0.9999997861381984,0.9999720729836293,0.9997798614370798,0.9999977055709514,0.9999151655384058,0.999994114090964
4.460433266713801,0.999999999970144,0.9999990502119802,0.9999590663731336,0.9997512962168977,0.999999822470082,0.9999760527159504,0.9998077136651626,0.9999980671798403,0.999926549385946,0.9999950086218193
4.5035741506754885,0.9999999999762467,0.9999992042637789,0.9999647737796966,0.9997823581007725,0.9999998527222919,0.9999794777219513,0.9998321387602449,0.9999983728053845,0.9999364431997045,0.9999957697962526
4.547132289140877,0.999999999981114,0.999999333743188,0.9999697035247491,0.9998096491340512,0.9999998778958049,0.9999824234650495,0.9998535454862632,0.9999986309488563,0.9999450367017627,0.9999964170826434
4.59111171775562,0.9999999999849936,0.9999994424996167,0.999973958911999,0.9998336127788285,0.9999998988296755,0.9999849554193663,0.9998722955682378,0.999998848847731,0.9999524962019858,0.9999969671723401
4.635516511197752,0.9999999999880836,0.9999995337912176,0.9999776299086379,0.9998546422141799,0.9999999162267239,0.9999871303509831,0.9998887088776968,0.9999990326591351,0.9999589673828903,0.9999974343655404
4.680350783555199,0.9999999999905436,0.9999996103737302,0.9999807948110815,0.9998730857935664,0.9999999306752366,0.9999889974409881,0.9999030680770868,0.9999991876173877,0.9999645777679717,0.9999978309051674
4.725618688706957,0.9999999999925003,0.9999996745763043,0.9999835217108216,0.9998892519422087,0.9999999426672854,0.9999905992689185,0.9999156227753639,0.9999993181691769,0.9999694389073469,0.9999981672654911
4.771324420707939,0.999999999994056,0.999999728366157,0.999985869783167,0.9999034135474857,0.9999999526141755,0.9999919726731624,0.9999265932425476,0.9999994280894451,0.9999736483112646,0.9999984524014144
4.817472214177557,0.9999999999952919,0.9999997734036599,0.9999878904192369,0.9999158118910298,0.9999999608594643,0.9999931495030419,0.9999361737268846,0.999999520580653,0.9999772911590066,0.9999986939636004
4.864066344692058,0.9999999999962731,0.9999998110892354,0.9999896282193911,0.9999266601670629,0.9999999676899238,0.9999941572756408,0.9999445354144048,0.9999995983577358,0.9999804418079301,0.999998898483968
4.9111111291806475,0.9999999999970517,0.9999998426032475,0.9999911218643014,0.9999361466276561,0.9999999733447625,0.9999950197489527,0.9999518290670577,0.9999996637207561,0.9999831651248707,0.9999990715355054
4.958610926325472,0.9999999999976691,0.9999998689399049,0.9999924048780887,0.9999444373919979,0.9999999780233799,0.9999957574215933,0.9999581873722919,0.9999997186169838,0.9999855176598235,0.9999992178698492
5.00657013696542,0.9999999999981584,0.9999998909360552,0.9999935062963466,0.9999516789534123,0.9999999818918786,0.9999963879681312,0.9999637270338637,0.9999997646939022,0.9999875486797306,0.999999341535627
5.054993204503879,0.9999999999985458,0.9999999092956197,0.9999944512504305,0.999958000414777,0.9999999850885324,0.9999969266180265,0.999968550630835,0.9999998033444305,0.9999893010783132,0.9999994459801745
5.103884615320409,0.9999999999988525,0.9999999246103118,0.9999952614781008,0.9999635154801408,0.9999999877283721,0.9999973864852232,0.9999727482691237,0.9999998357454758,0.9999908121761716,0.9999995341368979
5.153248899186401,0.9999999999990951,0.9999999373771945,0.9999959557694542,0.9999683242277109,0.9999999899070285,0.9999977788545981,0.9999763990475926,0.999999862890775,0.9999921144238407,0.999999608500247
5.203090629684766,0.9999999999992868,0.9999999480135441,0.9999965503560418,0.9999725146869762,0.9999999917039524,0.999998113430725,0.9999795723584884,0.9999998856188514,0.999993236019096,0.9999996711900124
5.253414424633669,0.9999999999994382,0.9999999568694273,0.9999970592501559,0.9999761642405275,0.999999993185108,0.9999983985537477,0.9999823290400681,0.9999999046367934,0.9999942014485574,0.9999997240064221
5.304224946514371,0.9999999999995578,0.9999999642383341,0.9999974945404438,0.9999793408691153,0.999999994405227,0.999998641386571,0.9999847223974415,0.999999920540468,0.9999950319625213,0.9999997684773229
5.355526902903207,0.9999999999996522,0.9999999703661608,0.9999978666492805,0.9999821042566581,0.9999999954096915,0.9999988480770625,0.9999867991060302,0.9999999338316884,0.999995745990945,0.9999998058985524
5.407325046907737,0.9999999999997266,0.9999999754587944,0.9999981845566824,0.9999845067702311,0.9999999962361062,0.999999023898498,0.9999886000105521,0.9999999449327858,0.9999963595076116,0.9999998373684613
5.459624177607121,0.9999999999997852,0.9999999796885097,0.9999984559949722,0.999986594328554,0.9999999969156117,0.9999991733710807,0.999990160831105,0.9999999541989686,0.9999968863487003,0.9999998638174107
5.512429140496768,0.9999999999998312,0.9999999831993648,0.9999986876178917,0.9999884071711129,0.9999999974739783,0.99999930036701,0.9999915127867042,0.9999999619287986,0.9999973384912723,0.9999998860329594
5.565744827937239,0.9999999999998676,0.9999999861117437,0.9999988851474142,0.9999899805388026,0.9999999979325188,0.9999994082012634,0.9999926831455335,0.9999999683730624,0.9999977262965435,0.9999999046813561
5.619576179607544,0.9999999999998962,0.9999999885261829,0.9999990535011073,0.9999913452758474,0.9999999983088483,0.9999994997099768,0.9999936957101864,0.9999999737422817,0.9999980587222472,0.9999999203258644
5.673928182962797,0.9999999999999186,0.9999999905265895,0.9999991969025431,0.9999925283617342,0.9999999986175159,0.9999995773180721,0.9999945712452772,0.9999999782130644,0.9999983435078859,0.9999999334423779
5.728805873696299,0.9999999999999363,0.9999999921829467,0.9999993189769493,0.9999935533809738,0.9999999988705307,0.9999996430975662,0.9999953278540101,0.9999999819334735,0.9999985873362197,0.9999999444327167
5.784214336206095,0.9999999999999502,0.9999999935535872,0.9999994228340132,0.9999944409376713,0.9999999990777994,0.9999996988178105,0.9999959813095686,0.9999999850275616,0.9999987959739457,0.9999999536359406
5.840158704066045,0.9999999999999609,0.9999999946871018,0.9999995111395183,0.9999952090211436,0.9999999992474884,0.9999997459887476,0.9999965453465504,0.999999987599198,0.9999989743941631,0.9999999613379709
5.89664416050144,0.9999999999999695,0.9999999956239403,0.9999995861772741,0.9999958733281455,0.999999999386326,0.9999997858981322,0.9999970319170906,0.999999989735297,0.999999126882911,0.9999999677797645
5.953675938869233,0.9999999999999761,0.9999999963977542,0.9999996499026204,0.9999964475466635,0.9999999994998513,0.9999998196435332,0.999997451415799,0.9999999915085404,0.9999992571317893,0.9999999731642573
6.011259323142897,0.9999999999999813,0.9999999970365211,0.9999997039886197,0.9999969436056954,0.9999999995926222,0.9999998481598344,0.9999978128771793,0.999999992979668,0.9999993683184222,0.9999999776622548
6.069399648402013,0.9999999999999855,0.9999999975634872,0.9999997498659113,0.9999973718949445,0.9999999996683864,0.9999998722428468,0.9999981241487778,0.9999999941994087,0.999999463176318,0.999999981417429
6.128102301326517,0.9999999999999887,0.9999999979979548,0.9999997887570713,0.9999977414579263,0.9999999997302234,0.9999998925695723,0.9999983920429477,0.999999995210103,0.9999995440554786,0.9999999845505515
6.1873727206958105,0.9999999999999911,0.9999999983559409,0.9999998217062193,0.999998060161591,0.9999999997806623,0.9999999097155794,0.9999986224697804,0.999999996047068,0.9999996129749497,0.9999999871630807
6.247216397892645,0.9999999999999931,0.9999999986507287,0.9999998496045096,0.9999983348452217,0.999999999821779,0.9999999241698937,0.9999988205534629,0.9999999967397439,0.9999996716683529,0.9999999893401956
6.307638877411904,0.9999999999999947,0.9999999988933268,0.9999998732120657,0.9999985714510539,0.9999999998552758,0.9999999363477506,0.9999989907340638,0.999999997312656,0.9999997216233119,0.9999999911533634
6.368645757374292,0.9999999999999958,0.9999999990928529,0.999999893176842,0.9999987751387842,0.999999999882548,0.9999999466015087,0.9999991368565115,0.9999999977862226,0.9999997641155659,0.9999999926625085
6.430242690045004,0.9999999999999968,0.9999999992568537,0.9999999100508311,0.9999989503858923,0.9999999999047386,0.9999999552299832,0.9999992622483261,0.9999999981774322,0.9999998002384713,0.9999999939178459
6.492435382357402,0.9999999999999974,0.9999999993915721,0.9999999243039825,0.9999991010754731,0.9999999999227835,0.9999999624864244,0.9999993697874827,0.9999999985004103,0.9999998309284938,0.9999999949614269
6.555229596441763,0.999999999999998,0.999999999502169,0.9999999363361471,0.9999992305730877,0.9999999999374483,0.9999999685853308,0.9999994619616194,0.9999999987668946,0.9999998569872236,0.9999999958284452
6.6186311501591355,0.9999999999999984,0.9999999995929076,0.9999999464873213,0.9999993417939594,0.9999999999493586,0.9999999737082655,0.9999995409196608,0.9999999989866328,0.9999998791003767,0.999999996548336
6.682645917640357,0.9999999999999988,0.9999999996673083,0.999999955046426,0.9999994372616913,0.999999999959026,0.999999978008817,0.9999996085167994,0.9999999991677145,0.9999998978541804,0.999999997145703
6.747279829830319,0.9999999999999991,0.9999999997282755,0.999999962258827,0.999999519159541,0.999999999966868,0.9999999816168283,0.999999666353663,0.9999999993168491,0.9999999137494977,0.9999999976410984
6.812538875037422,0.9999999999999993,0.999999999778204,0.9999999683327707,0.999999589375168,0.9999999999732253,0.9999999846419995,0.9999997158103987,0.999999999439598,0.9999999272139921,0.9999999980516794
6.87842909948842,0.9999999999999994,0.9999999998190675,0.9999999734448891,0.9999996495396585,0.999999999978376,0.9999999871769545,0.9999997580763139,0.999999999540568,0.9999999386125994,0.9999999983917599
6.944956607888594,0.9999999999999996,0.9999999998524914,0.9999999777449067,0.9999997010615372,0.9999999999825463,0.9999999892998505,0.9999997941756351,0.9999999996235723,0.9999999482565346,0.9999999986732744
7.012127563987352,0.9999999999999997,0.9999999998798135,0.9999999813596594,0.9999997451563931,0.9999999999859209,0.9999999910765961,0.9999998249898809,0.9999999996917662,0.9999999564110358,0.999999998906167
7.079948191149295,0.9999999999999998,0.9999999999021341,0.9999999843965276,0.9999997828726642,0.99999999998865,0.9999999925627362,0.9999998512772799,0.999999999747758,0.9999999633020163,0.9999999990987184
7.148424772930813,0.9999999999999998,0.9999999999203574,0.9999999869463629,0.9999998151140691,0.9999999999908556,0.9999999938050523,0.9999998736896132,0.9999999997937029,0.9999999691217756,0.9999999992578195
7.217563653662249,0.9999999999999999,0.9999999999352266,0.999999989085985,0.9999998426591061,0.9999999999926371,0.9999999948429209,0.999999892786815,0.9999999998313808,0.9999999740338986,0.9999999993892014
7.287371239035706,0.9999999999999999,0.9999999999473516,0.999999990880308,0.9999998661779926,0.9999999999940751,0.9999999957094643,0.999999909049619,0.9999999998622603,0.9999999781774579,0.9999999994976275
7.35785399669852,0.9999999999999999,0.9999999999572327,0.9999999923841519,0.9999998862473725,0.9999999999952351,0.9999999964325267,0.9999999228905072,0.9999999998875526,0.999999981670613,0.9999999995870543
7.429018456852514,0.9999999999999999,0.9999999999652803,0.9999999936437829,0.9999999033630761,0.9999999999961704,0.999999997035501,0.9999999346631825,0.9999999999082559,0.9999999846136927,0.9999999996607661
7.5008712128589785,1.0,0.9999999999718306,0.9999999946982236,0.9999999179511844,0.9999999999969239,0.9999999975380279,0.9999999446707577,0.9999999999251926,0.9999999870918328,0.9999999997214877
7.57341892184957,1.0,0.999999999977159,0.9999999955803672,0.9999999303776156,0.9999999999975308,0.9999999979565874,0.9999999531728316,0.9999999999390394,0.9999999891772327,0.9999999997714776
7.646668305343087,1.0,0.9999999999814907,0.9999999963179224,0.9999999409564277,0.999999999998019,0.9999999983049987,0.9999999603915989,0.9999999999503533,0.9999999909310817,0.9999999998126076
7.720626149868211,1.0,0.99999999998501,0.999999996934216,0.9999999499570024,0.9999999999984117,0.9999999985948428,0.9999999665171219,0.9999999999595917,0.9999999924052072,0.9999999998464273
7.795299307592287,1.0,0.9999999999878674,0.9999999974488741,0.9999999576102584,0.9999999999987274,0.9999999988358188,0.9999999717118774,0.9999999999671308,0.9999999936434788,0.9999999998742191
7.870694696956159,1.0,0.9999999999901862,0.9999999978783984,0.9999999641140216,0.9999999999989808,0.9999999990360446,0.9999999761146746,0.9999999999732795,0.9999999946830073,0.9999999998970434
7.946819303315175,1.0,0.9999999999920666,0.9999999982366551,0.9999999696376634,0.9999999999991844,0.9999999992023105,0.9999999798440296,0.9999999999782911,0.9999999955551666,0.9999999999157766
8.023680179586371,1.0,0.9999999999935905,0.9999999985352886,0.999999974326104,0.9999999999993476,0.9999999993402927,0.9999999830010695,0.9999999999823734,0.9999999962864643,0.9999999999311429
8.10128444690192,1.0,0.9999999999948249,0.9999999987840713,0.9999999783032659,0.9999999999994785,0.9999999994547332,0.9999999856720305,0.9999999999856967,0.9999999968992818,0.9999999999437394
8.179639295268895,1.0,0.999999999995824,0.9999999989911995,0.9999999816750512,0.9999999999995834,0.999999999549591,0.9999999879304053,0.9999999999884004,0.9999999974125054,0.9999999999540593
8.258751984235461,1.0,0.9999999999966324,0.9999999991635433,0.999999984531906,0.9999999999996675,0.9999999996281692,0.9999999898387875,0.9999999999905987,0.9999999978420624,0.9999999999625089
8.338629843563407,1.0,0.9999999999972858,0.9999999993068576,0.9999999869510282,0.9999999999997347,0.9999999996932225,0.9999999914504543,0.9999999999923851,0.9999999982013756,0.9999999999694227
8.419280273907287,1.0,0.9999999999978139,0.9999999994259597,0.9999999889982681,0.9999999999997884,0.9999999997470459,0.9999999928107262,0.9999999999938357,0.9999999985017506,0.9999999999750766
8.500710747500081,1.0,0.9999999999982402,0.9999999995248805,0.9999999907297613,0.9999999999998314,0.9999999997915511,0.9999999939581307,0.999999999995013,0.9999999987527036,0.9999999999796974
8.582928808845487,1.0,0.9999999999985842,0.9999999996069897,0.9999999921933322,0.9999999999998657,0.9999999998283288,0.9999999949254004,0.9999999999959679,0.9999999989622399,0.9999999999834714
8.665942075416925,1.0,0.9999999999988618,0.9999999996751032,0.9999999934296995,0.9999999999998931,0.9999999998587024,0.9999999957403273,0.9999999999967419,0.9999999991370891,0.999999999986552
8.749758238363288,1.0,0.9999999999990854,0.9999999997315724,0.9999999944735105,0.999999999999915,0.9999999998837718,0.999999996426494,0.999999999997369,0.9999999992829054,0.9999999999890651
8.834385063221525,1.0,0.9999999999992656,0.9999999997783594,0.9999999953542281,0.9999999999999324,0.9999999999044505,0.9999999970038987,0.9999999999978767,0.9999999994044362,0.9999999999911139
8.919830390636116,1.0,0.9999999999994106,0.999999999817101,0.9999999960968912,0.9999999999999463,0.9999999999214975,0.99999999748949,0.9999999999982874,0.9999999995056649,0.9999999999927831
9.006102137085499,1.0,0.9999999999995273,0.999999999849161,0.9999999967227654,0.9999999999999574,0.9999999999355417,0.999999997897622,0.9999999999986195,0.9999999995899321,0.9999999999941424
9.093208295615554,1.0,0.9999999999996211,0.9999999998756758,0.999999997249901,0.9999999999999661,0.9999999999471052,0.9999999982404448,0.9999999999988879,0.9999999996600375,0.9999999999952485
9.181156936580116,1.0,0.9999999999996965,0.9999999998975911,0.9999999976936093,0.9999999999999731,0.9999999999566204,0.9999999985282365,0.9999999999991046,0.9999999997183256,0.9999999999961481
9.269956208388717,1.0,0.999999999999757,0.9999999999156939,0.99999999806687,0.9999999999999787,0.9999999999644452,0.9999999987696856,0.9999999999992796,0.9999999997667592,0.9999999999968793
9.359614338261524,1.0,0.9999999999998056,0.9999999999306382,0.99999999838068,0.9999999999999831,0.9999999999708762,0.999999998972133,0.9999999999994207,0.9999999998069801,0.9999999999974731
9.450139632991595,1.0,0.9999999999998446,0.9999999999429677,0.9999999986443499,0.9999999999999867,0.9999999999761582,0.9999999991417765,0.9999999999995345,0.9999999998403605,0.9999999999979552
9.541540479714493,1.0,0.9999999999998758,0.9999999999531337,0.9999999988657581,0.9999999999999895,0.999999999980494,0.9999999992838461,0.9999999999996261,0.9999999998680471,0.9999999999983463
9.63382534668536,1.0,0.9999999999999007,0.9999999999615107,0.9999999990515668,0.9999999999999917,0.999999999984051,0.999999999402752,0.9999999999996999,0.9999999998909971,0.9999999999986635
9.72700278406348,1.0,0.9999999999999208,0.9999999999684094,0.9999999992074061,0.9999999999999934,0.9999999999869671,0.9999999995022111,0.9999999999997593,0.9999999999100093,0.9999999999989204
9.82108142470447,1.0,0.9999999999999368,0.9999999999740871,0.9999999993380315,0.9999999999999948,0.9999999999893565,0.9999999995853537,0.999999999999807,0.99999999992575,0.9999999999991286
9.9160699849601,1.0,0.9999999999999496,0.9999999999787571,0.9999999994474564,0.9999999999999959,0.9999999999913131,0.9999999996548146,0.9999999999998453,0.999999999938774,0.9999999999992969
10.011977265485843,1.0,0.9999999999999599,0.999999999982596,0.9999999995390666,0.9999999999999968,0.9999999999929142,0.9999999997128104,0.9999999999998762,0.9999999999495437,0.9999999999994331
10.108812152056311,1.0,0.999999999999968,0.9999999999857497,0.9999999996157162,0.9999999999999974,0.9999999999942237,0.9999999997612041,0.999999999999901,0.9999999999584439,0.9999999999995433
10.206583616388441,1.0,0.9999999999999746,0.999999999988339,0.9999999996798097,0.999999999999998,0.9999999999952941,0.9999999998015613,0.9999999999999207,0.9999999999657947,0.9999999999996322
10.305300716972768,1.0,0.9999999999999798,0.9999999999904635,0.9999999997333717,0.9999999999999984,0.9999999999961684,0.9999999998351962,0.9999999999999367,0.9999999999718621,0.999999999999704
10.404972599912686,1.0,0.9999999999999839,0.9999999999922057,0.9999999997781057,0.9999999999999988,0.9999999999968822,0.9999999998632114,0.9999999999999494,0.9999999999768672,0.9999999999997619
10.50560849977182,1.0,0.9999999999999872,0.9999999999936334,0.9999999998154441,0.999999999999999,0.9999999999974645,0.9999999998865321,0.9999999999999596,0.9999999999809933,0.9999999999998086
10.607217740429618,1.0,0.9999999999999899,0.9999999999948027,0.9999999998465908,0.9999999999999992,0.9999999999979393,0.9999999999059329,0.9999999999999678,0.9999999999843929,0.9999999999998462
10.709809735945193,1.0,0.999999999999992,0.9999999999957598,0.9999999998725569,0.9999999999999994,0.9999999999983262,0.9999999999220631,0.9999999999999744,0.9999999999871921,0.9999999999998765
10.813393991429539,1.0,0.9999999999999937,0.9999999999965428,0.9999999998941911,0.9999999999999996,0.9999999999986413,0.9999999999354658,0.9999999999999796,0.9999999999894955,0.999999999999901
10.917980103926174,1.0,0.999999999999995,0.9999999999971829,0.999999999912205,0.9999999999999997,0.9999999999988978,0.9999999999465957,0.9999999999999837,0.9999999999913899,0.9999999999999206
11.023577763300304,1.0,0.999999999999996,0.9999999999977058,0.9999999999271956,0.9999999999999997,0.9999999999991064,0.9999999999558324,0.999999999999987,0.9999999999929469,0.9999999999999364
11.130196753136586,1.0,0.9999999999999969,0.9999999999981328,0.9999999999396625,0.9999999999999998,0.9999999999992759,0.9999999999634933,0.9999999999999897,0.9999999999942258,0.999999999999949
11.237846951645569,1.0,0.9999999999999974,0.9999999999984813,0.9999999999500244,0.9999999999999998,0.9999999999994136,0.9999999999698436,0.9999999999999918,0.9999999999952757,0.9999999999999591
11.34653833257891,1.0,0.999999999999998,0.9999999999987654,0.9999999999586315,0.9999999999999999,0.9999999999995255,0.999999999975104,0.9999999999999934,0.999999999996137,0.9999999999999674
11.456280966153441,1.0,0.9999999999999984,0.999999999998997,0.9999999999657768,0.9999999999999999,0.9999999999996162,0.9999999999794592,0.9999999999999948,0.9999999999968431,0.9999999999999739
11.567085019984141,1.0,0.9999999999999988,0.9999999999991857,0.9999999999717047,0.9999999999999999,0.9999999999996897,0.9999999999830627,0.9999999999999959,0.9999999999974217,0.9999999999999791
11.678960760026262,1.0,0.999999999999999,0.9999999999993393,0.9999999999766199,0.9999999999999999,0.9999999999997493,0.9999999999860423,0.9999999999999968,0.9999999999978956,0.9999999999999833
11.791918551526322,1.0,0.9999999999999992,0.9999999999994642,0.9999999999806928,1.0,0.9999999999997976,0.9999999999885046,0.9999999999999974,0.9999999999982834,0.9999999999999867
11.905968859982535,1.0,0.9999999999999994,0.9999999999995658,0.9999999999840657,1.0,0.9999999999998367,0.9999999999905382,0.999999999999998,0.9999999999986006,0.9999999999999895
12.021122252114411,1.0,0.9999999999999996,0.9999999999996483,0.9999999999868573,1.0,0.9999999999998683,0.9999999999922168,0.9999999999999983,0.9999999999988598,0.9999999999999916
12.137389396841767,1.0,0.9999999999999997,0.9999999999997153,0.9999999999891662,1.0,0.9999999999998939,0.9999999999936013,0.9999999999999987,0.9999999999990716,0.9999999999999932
12.254781066273184,1.0,0.9999999999999997,0.9999999999997696,0.9999999999910749,1.0,0.9999999999999145,0.9999999999947429,0.999999999999999,0.9999999999992445,0.9999999999999947
12.37330813670405,1.0,0.9999999999999998,0.9999999999998138,0.9999999999926518,1.0,0.9999999999999313,0.9999999999956832,0.9999999999999992,0.9999999999993856,0.9999999999999958
12.492981589624245,1.0,0.9999999999999998,0.9999999999998496,0.9999999999939536,1.0,0.9999999999999447,0.9999999999964575,0.9999999999999993,0.9999999999995006,0.9999999999999966
12.613812512735565,1.0,0.9999999999999999,0.9999999999998785,0.9999999999950278,1.0,0.9999999999999555,0.9999999999970948,0.9999999999999996,0.9999999999995943,0.9999999999999973
12.735812100978999,1.0,0.9999999999999999,0.999999999999902,0.9999999999959136,1.0,0.9999999999999643,0.9999999999976187,0.9999999999999996,0.9999999999996707,0.9999999999999979
12.858991657571934,1.0,0.9999999999999999,0.999999999999921,0.9999999999966437,1.0,0.9999999999999714,0.9999999999980493,0.9999999999999997,0.9999999999997329,0.9999999999999983
12.983362595055395,1.0,0.9999999999999999,0.9999999999999363,0.9999999999972449,1.0,0.999999999999977,0.9999999999984032,0.9999999999999998,0.9999999999997834,0.9999999999999987
13.108936436351412,1.0,1.0,0.9999999999999487,0.9999999999977398,1.0,0.9999999999999816,0.9999999999986935,0.9999999999999998,0.9999999999998245,0.9999999999999989
13.235724815830613,1.0,1.0,0.9999999999999587,0.9999999999981469,1.0,0.9999999999999852,0.9999999999989317,0.9999999999999999,0.9999999999998579,0.9999999999999991
13.363739480390151,1.0,1.0,0.9999999999999667,0.9999999999984817,1.0,0.9999999999999881,0.999999999999127,0.9999999999999999,0.999999999999885,0.9999999999999993
13.49299229054204,1.0,1.0,0.9999999999999732,0.9999999999987566,1.0,0.9999999999999906,0.999999999999287,0.9999999999999999,0.999999999999907,0.9999999999999994
13.623495221512032,1.0,1.0,0.9999999999999785,0.9999999999989824,1.0,0.9999999999999925,0.9999999999994181,0.9999999999999999,0.9999999999999247,0.9999999999999996
13.755260364349121,1.0,1.0,0.9999999999999828,0.9999999999991677,1.0,0.9999999999999939,0.9999999999995254,0.9999999999999999,0.9999999999999393,0.9999999999999997
13.888299927045766,1.0,1.0,0.9999999999999861,0.9999999999993197,1.0,0.9999999999999951,0.9999999999996131,1.0,0.9999999999999509,0.9999999999999998
14.022626235668968,1.0,1.0,0.9999999999999889,0.9999999999994442,1.0,0.9999999999999961,0.9999999999996847,1.0,0.9999999999999604,0.9999999999999998
14.15825173550223,1.0,1.0,0.9999999999999911,0.9999999999995463,1.0,0.9999999999999969,0.9999999999997433,1.0,0.999999999999968,0.9999999999999999
14.295188992198742,1.0,1.0,0.9999999999999929,0.9999999999996297,1.0,0.9999999999999976,0.9999999999997912,1.0,0.9999999999999742,0.9999999999999999
14.433450692945403,1.0,1.0,0.9999999999999943,0.9999999999996981,1.0,0.999999999999998,0.9999999999998301,1.0,0.9999999999999792,0.9999999999999999
14.573049647638394,1.0,1.0,0.9999999999999954,0.999999999999754,1.0,0.9999999999999984,0.9999999999998619,1.0,0.9999999999999833,0.9999999999999999
14.713998790069988,1.0,1.0,0.9999999999999963,0.9999999999997996,1.0,0.9999999999999988,0.9999999999998879,1.0,0.9999999999999866,0.9999999999999999
14.856311179126866,1.0,1.0,0.9999999999999971,0.9999999999998369,1.0,0.999999999999999,0.999999999999909,1.0,0.9999999999999892,1.0
15.000000000000004,1.0,1.0,0.9999999999999977,0.9999999999998673,1.0,0.9999999999999992,0.9999999999999262,1.0,0.9999999999999913,1.0
