im (g),DS1,DS2,DS3,DS4,DS2|DS1,DS3|DS1,DS4|DS1,DS3|DS2,DS4|DS2,DS4|DS3
0.001,6.803492404341488e-21,4.851723417335819e-27,5.351437539441718e-31,8.280263581508236e-34,1.5576136379160341e-25,2.113226111217873e-30,1.5760717825065168e-33,6.769823203578539e-28,2.7577952731426065e-32,3.129101644733647e-29
0.001009671904360419,7.784317609304981e-21,5.662631221750851e-27,6.318516910386337e-31,9.852714792422496e-34,1.8095474780996776e-25,2.4908979046818375e-30,1.8739565100981066e-33,7.921654313186679e-28,3.267898281884188e-32,3.6759176182517175e-29
0.001019437354454795,8.904735792257819e-21,6.607727819550073e-27,7.458841332462361e-31,1.1721390414736925e-33,2.1018024359410786e-25,2.9354685018415952e-30,2.2276886771087338e-33,9.26757362994488e-28,3.871564831248441e-32,4.317411400061082e-29
0.0010292972550485203,1.0184351495236316e-20,7.708992729826482e-27,8.803170476881568e-31,1.3941638698272424e-33,2.440762201148381e-25,3.4586806315344164e-30,2.6476523774748766e-33,1.0839963113126454e-27,4.585809848638111e-32,5.069821456381542e-29
0.0010392525196577912,1.1645484852813271e-20,8.99196800010549e-27,1.0387675734537937e-30,1.6579063270166186e-33,2.8338099336365253e-25,4.074319106226114e-30,3.146146262118057e-33,1.267655269632498e-27,5.430715489752192e-32,5.952144484263112e-29
0.0010493040706342459,1.3313542412438731e-20,1.0486329435387487e-26,1.2254883467359206e-30,1.971140715590158e-33,3.2894829611170386e-25,4.798562571614678e-30,3.737733502315881e-33,1.4821294344036081e-27,6.429979123074208e-32,6.986599283592835e-29
0.0010594528392504174,1.52174378443869e-20,1.2226548408656533e-26,1.4454781098743106e-30,2.343077990284536e-33,3.817651139132966e-25,5.65039525544063e-30,4.4396551616054996e-33,1.7325377436242512e-27,7.611558321923413e-32,8.199167849931705e-29
0.0010696997657860217,1.7390069150343406e-20,1.4252658453294144e-26,1.7046113880164742e-30,2.7846289733199848e-33,4.4297224490140815e-25,6.652088847601798e-30,5.272318361800905e-33,2.0248408081685478e-27,9.008429876333655e-32,9.620226409127931e-29
0.0010800457996150668,1.986885984117292e-20,1.661114303794487e-26,2.009790488201365e-30,3.30871537287322e-33,5.138879942720274e-25,7.829766337134465e-30,6.25987265430419e-33,2.3659778533866802e-27,1.0659482791880216e-31,1.128528118777046e-28
0.001090491899293816,2.2696372526322427e-20,1.9355963461228353e-26,2.369123625675845e-30,3.9306372087425234e-33,5.960354755606023e-25,9.214061605177033e-30,7.430890390464005e-33,2.7640257015570742e-27,1.2610568705614852e-31,1.3235826120800583e-28
0.0011010390326495973,2.5921004453557014e-20,2.2549748728187113e-26,2.7921336242365163e-30,4.6685067836657644e-33,6.911740610185863e-25,1.0840890872431334e-29,8.8191696865893e-33,3.2283833034072164e-27,1.4915737207010535e-31,1.5520342492226685e-28
0.0011116881768704725,2.959777577391362e-20,2.626517264098357e-26,3.290002386571768e-30,5.5437611442886945e-33,8.013356039067299e-25,1.2752354778176404e-29,1.0464681873429394e-32,3.7699858789479344e-27,1.763868830535622e-31,1.819546374849119e-28
0.001122440318595772,3.3789222700433864e-20,3.0586547220302277e-26,3.8758572046736855e-30,6.581767099838552e-33,9.288661478258935e-25,1.49977929873325e-29,1.2414689192174585e-32,4.401553365742305e-27,2.085447985246909e-31,2.1327332487977796e-28
0.0011332964540075085,3.8566409300117105e-20,3.56116660484279e-26,4.565105999994844e-30,7.812535364789164e-33,1.076473944009856e-24,1.7635016854249185e-29,1.472506304973843e-32,5.1378786096341595e-27,2.465153424886131e-31,2.499318099687672e-28
0.0011442575889226711,4.4010073428758427e-20,4.1453936278578614e-26,5.3758297721111045e-30,9.271563329479194e-33,1.2472847187576597e-24,2.073174990012809e-29,1.7461838492983194e-32,5.9961615840810456e-27,2.913399639365952e-31,2.9283171766617773e-28
0.0011553247388864148,5.0211924312698196e-20,4.8244843989720546e-26,6.329241921079313e-30,1.1000829416334156e-32,1.4449052721060097e-24,2.436731078204803e-29,2.0703046842563958e-32,6.996396907061304e-27,3.442450377168661e-31,3.4302540301677617e-28
0.001166498929266149,5.727611152797378e-20,5.613680439847634e-26,7.450225724865201e-30,1.304996603876519e-32,1.6734966479808803e-24,2.8634579157684526e-29,2.4540875803839905e-32,8.16182305918802e-27,4.066744002463886e-31,4.017408933639158e-28
0.0011777811953465423,6.532088765709697e-20,6.530645630399714e-26,8.767963136791363e-30,1.5477642950238583e-32,1.937858298317282e-24,3.36422915112901e-29,2.9084215034014824e-32,9.519443016320839e-27,4.803275558339181e-31,4.704109147291043e-28
0.001189172582425434,7.448048975188628e-20,7.595846919166801e-26,1.0316670262723522e-29,1.835319837567855e-32,2.2435248723111714e-24,3.951772175439962e-29,3.446165531305328e-32,1.1100627521291593e-26,5.67204532438082e-31,5.50706664001472e-28
0.0012006741459106851,8.490726793671204e-20,8.832994183367619e-26,1.2136457434482942e-29,2.1758561900781474e-32,2.596877500844141e-24,4.640981042424491e-29,4.0825021400378067e-32,1.2941813963018987e-26,6.696585329780006e-31,6.445770945234829e-28
0.001212286951417961,9.677409309434919e-20,1.0269548320121259e-25,1.4274334773846235e-29,2.5790520826249733e-32,3.005271719510764e-24,5.449281677722253e-29,4.835353266362581e-32,1.5085315842533876e-26,7.904577239089135e-31,7.542946054334113e-28
0.0012240120748694594,1.1027707963581332e-19,1.1937308027648582e-25,1.6785387609030275e-29,3.0563390771527e-32,3.47718448649828e-24,6.39705802493426e-29,5.725870199520805e-32,1.7580260124866627e-26,9.328577314133985e-31,8.825081673126647e-28
0.0012358506025935947,1.2563866392144507e-19,1.3873087318870188e-25,1.973415014242582e-29,3.621216196853574e-32,4.0223831094227e-24,7.508149190340917e-29,6.779010280291557e-32,2.0483672449934344e-26,1.1006866827617146e-30,1.0323050813205222e-27
0.001247803631425646,1.4311108403540674e-19,1.611949763017714e-25,2.319621046697007e-29,4.2896205191770136e-32,4.6521193045128634e-24,8.810429291988345e-29,8.024215645863851e-32,2.3861733258165054e-26,1.2984449425987646e-30,1.2072827595821564e-27
0.0012598722688093784,1.6298031238881874e-19,1.872585048018603e-25,2.7260085496244615e-29,5.08036359449461e-32,5.379352079534619e-24,1.0336483628130341e-28,9.496211908331471e-32,2.779123143912071e-26,1.5314220586234885e-30,1.4116321351705657e-27
0.0012720576328996466,1.8557049911642073e-19,2.1749199037034486e-25,3.202941073460173e-29,6.01564527383211e-32,6.2190036668730626e-24,1.2124396997290658e-28,1.1235947760129904e-31,3.23612462046332e-26,1.805833857070461e-30,1.6502345652492786e-27
0.001284360852665993,2.1124899152467444e-19,2.5255539714044536e-25,3.762549721282238e-29,7.121658548007939e-32,7.188253344700148e-24,1.4218672576607175e-28,1.3291700139102399e-31,3.767509260316401e-26,2.1289831257620743e-30,1.9287743862050214e-27
0.0012967830679972432,2.4043200304333776e-19,2.932119808486842e-25,4.419031651941116e-29,8.429301367897329e-32,8.30687468292084e-24,1.6671302753480705e-28,1.57203738499283e-31,4.385257152257066e-26,2.5094479031138258e-30,2.2538696210971375e-27
0.0013093254298071233,2.735910143373346e-19,3.4034427050603375e-25,5.188998486189101e-29,9.97501419090959e-32,9.597622548905635e-24,1.9543016773698594e-28,1.8589029533528132e-31,5.103257128133422e-26,2.957302069144534e-30,2.6332237346409776e-27
0.001321989100140882,3.1125999957279283e-19,3.949724937156892e-25,6.091882872145056e-29,1.1801765251730345e-31,1.1086677119829652e-23,2.2904734093271326e-28,2.1976679725771945e-31,5.937607510647795e-26,3.484373725299179e-30,3.0758017874715835e-27
0.001334775252282961,3.5404358243787964e-19,4.582758147419156e-25,7.150412817895399e-29,1.396020936729294e-31,1.2804153189682708e-23,2.6839256989321423e-28,2.597639959613198e-31,6.906963708110962e-26,4.10454777243297e-30,3.592034869106463e-27
0.0013476850708656958,4.026262395478362e-19,5.316168094867017e-25,8.391164969297325e-29,1.6510050551882843e-31,1.4784684247782013e-23,3.1443241399344578e-28,3.069780697495483e-31,8.032939867742138e-26,4.8341201723316475e-30,4.194057298797103e-27
0.0013607197519790734,4.577826834856131e-19,6.165696646883424e-25,9.84520983513956e-29,1.9521643949324105e-31,1.7068092162509795e-23,3.6829491235889557e-28,3.626997566213543e-31,9.340572895796718e-26,5.6922126329354346e-30,4.8959817879437196e-27
0.001373880503281548,5.203895741357726e-19,7.149526610946354e-25,1.154886408029093e-28,2.3077878715073607e-31,1.970015485244345e-23,4.312962870128302e-28,4.284485699049491e-31,1.0858858414188004e-25,6.70125792036214e-30,5.714218571480083e-27
0.0013871685441119313,5.914387253734833e-19,8.288655834301631e-25,1.3544567467308804e-28,2.727639065331784e-31,2.2733486093717434e-23,5.049720156201885e-28,5.06012974629682e-31,1.2621369673759763e-25,7.887567706057723e-30,6.667845455353462e-27
0.0014005851056023634,6.720519948105366e-19,9.607327952075976e-25,1.588190488255588e-28,3.2232161809672372e-31,2.6228543627606375e-23,5.911129811652921e-28,5.97497553071934e-31,1.4666972111927093e-25,9.281996844602812e-30,7.779036812188193e-27
0.001414131430792377,7.634980674433576e-19,1.1133528255887074e-24,1.8618797197139931e-28,3.80805740453713e-31,3.025478403044374e-23,6.9180751913649415e-28,7.053783636026565e-31,1.7040648159139068e-25,1.0920720293043056e-29,9.07356080961156e-27
0.0014278087747440617,8.672113699916863e-19,1.2899554405844773e-24,2.1822888558776894e-28,4.4980995114896285e-31,3.489198542821059e-23,8.094903139467909e-28,8.32567902364151e-31,1.979444910120375e-25,1.284614157963712e-29,1.0581355601054954e-26
0.0014416184046583532,9.848133817916134e-19,1.4942673141932747e-24,2.557316217223385e-28,5.312098921694581e-31,4.0231762124913017e-23,9.46999248199994e-28,9.824913173863297e-31,2.2988593335102816e-25,1.5107954870890866e-29,1.2337196876470628e-26
0.0014555615999924285,1.118136640686021e-18,1.7305875792271196e-24,2.996182180083382e-28,6.272125971660198e-31,4.637929861774333e-23,1.1076414842516591e-27,1.1591758053115721e-30,2.66927332626474e-25,1.776438634293958e-29,1.4381471094106786e-26
0.0014696396525782536,1.2692517788513877e-18,2.0038747255587954e-24,3.5096482222263185e-28,7.404145012691222e-31,5.345533435044304e-23,1.2952702610495144e-27,1.3673554486850877e-30,3.098741640440457e-25,2.0883644820679202e-29,1.67610709330762e-26
0.0014838538667422698,1.4404979643728506e-18,2.3198465287511607e-24,4.110271882895849e-28,8.738695093702871e-31,6.159843497420823e-23,1.514374124778122e-27,1.6125941346525272e-30,3.5965770148873367e-25,2.454561660288582e-29,1.9530432064590747e-26
0.001498205559426239,1.634517170148685e-18,2.6850949383943974e-24,4.812703462726855e-28,1.0311688500140324e-30,7.096759091716448e-23,1.7701805843511065e-27,1.901429643050522e-30,4.173544395124477e-25,2.884384515699635e-29,2.2752733288729435e-26
0.0015126960603092574,1.854292742937357e-18,3.107218137423406e-24,5.63403122344224e-28,1.216534735663549e-30,8.174518979251979e-23,2.0687764980266304e-27,2.2415425139516417e-30,4.842084784487704e-25,3.3887843074304654e-29,2.650128548241714e-26
0.0015273267119309511,2.1031928027040118e-18,3.59497230628105e-24,6.594182929928216e-28,1.434930193127421e-30,9.414041569743399e-23,2.4172478619845694e-27,2.6419539141551147e-30,5.616573192150585e-25,3.9805791477221856e-29,3.086113872069696e-26
0.0015420988698158604,2.3850190665832427e-18,4.1584459948101355e-24,7.716392831401903e-28,1.6921878285903673e-30,1.0839313587734165e-22,2.823842093220068e-27,3.1132574333612323e-30,6.51361580813656e-25,4.674769114132485e-29,3.5930941445157456e-26
0.0015570139025990295,2.7040617635531622e-18,4.809260426789528e-24,9.027744630776638e-28,1.9951607595599363e-30,1.2477834367663147e-22,3.2981563863741204e-27,3.66789057065934e-30,7.552392297547025e-25,5.488904014067709e-29,4.182509074994309e-26
0.00157207319215281,3.0651613861914074e-18,5.560799544579166e-24,1.0559802672942262e-27,2.3518994922788152e-30,1.4361123630480296e-22,3.8513562872641485e-27,4.32045264007844e-30,8.755049980078839e-25,6.443512508242889e-29,4.867621883972117e-26
0.001587278133714889,3.473778115648014e-18,6.4284741529731874e-24,1.234934552928277e-27,2.7718591607463273e-30,1.652530168755109e-22,4.4964292765718694e-27,5.0880769530698024e-30,1.0147157662646776e-24,7.562602724071614e-29,5.663806760307796e-26
0.0016026301360175636,3.9360698563173965e-18,7.430025151807075e-24,1.4439218408603715e-27,3.266142287564229e-30,1.9011752260229959e-22,5.2484789088358576e-27,5.990866452402548e-30,1.1758228041021603e-24,8.874246144871155e-29,6.588881117423158e-26
0.0016181306214182506,4.458979928843802e-18,8.585871567257601e-24,1.687932343135227e-27,3.847783094952545e-30,2.186787951617191e-22,6.1250659200737596e-27,7.052403506860354e-30,1.3622318901958703e-24,1.0411258482998504e-28,7.663489548084801e-26
0.0016337810260312732,5.050335595417816e-18,9.919509914726433e-24,1.972776981949259e-27,4.532080406952183e-30,2.5147972529139885e-22,7.1466037198412e-27,8.300346365112539e-30,1.5778724864377412e-24,1.2211993477335545e-28,8.911547427387955e-26
0.0016495827998609148,5.718958731318224e-18,1.1457972366124465e-23,2.3052209541994526e-27,5.336987364830589e-30,2.8914192193616414e-22,8.336816840863258e-27,9.767126851834601e-30,1.8272773124296505e-24,1.432126814732751e-28,1.0360753321087573e-25
0.0016655374069357617,6.4747901130183715e-18,1.3232352267665728e-23,2.6931387988622423e-27,6.2835675547255854e-30,3.3237697698435115e-22,9.723272255151636e-27,1.1490766317881345e-29,2.1156738644816594e-24,1.6791441044319956e-28,1.2043180745102512e-25
0.0016816463254443446,7.329028967776194e-18,1.527840677955225e-23,3.1456943906775063e-27,7.396528751791202e-30,3.81999320180645e-22,1.1337995006940886e-26,1.351582968526251e-29,2.449089649530304e-24,1.968366853246543e-28,1.3995961418638597e-25
0.0016979110478720922,8.294289624540356e-18,1.7637247807450393e-23,3.673549822452813e-27,8.704847355941943e-30,4.389408855384425e-22,1.3218181391099666e-26,1.589454072204341e-29,2.8344731633949323e-24,2.306936818261701e-28,1.6262073988667657e-25
0.0017143330811396097,9.384777323556e-18,2.0356133991511456e-23,4.289107760960529e-27,1.0242498774216225e-29,5.042678409289271e-22,1.5407024956851314e-26,1.8688085517841012e-29,3.2798329391751704e-24,2.7031923062102242e-28,1.8891254312699824e-25
0.0017309139467422943,1.061648548479969e-17,2.3489378339336676e-23,5.0067925807451436e-27,1.2049311544301056e-29,5.791996669785575e-22,1.7954672982021235e-26,2.1968135595209018e-29,3.794397330676518e-24,3.1668666153582756e-28,2.194104581016592e-25
0.0017476551808912994,1.2007417006188158e-17,2.709938816594697e-23,5.843376411041559e-27,1.4171965951561073e-29,6.651309105058212e-22,2.0919333790161912e-26,2.5818627288006705e-29,4.3887980836027624e-24,3.7093190455988573e-28,2.547801117658633e-25
0.0017645583346558708,1.3577832464543071e-17,3.1257856371933883e-23,6.81835719047861e-27,1.6665161336111712e-29,7.636559820880718e-22,2.4368558426380547e-26,3.033784006315227e-29,5.075281190788808e-24,4.343803764681032e-28,2.9579129951836513e-25
0.0017816249741070423,1.5350528429101836e-17,3.604712579082884e-23,7.954396932000505e-27,1.959298029621772e-29,8.765974176675146e-22,2.8380723830314694e-26,3.564082349442363e-29,5.867949034839439e-24,5.085782667633072e-28,3.4333410104826856e-25
0.0017988566804627395,1.7351149472827224e-17,4.1561751414221766e-23,9.277829679088066e-27,2.3030482661392685e-29,1.0060380811679649e-21,3.30467488185787e-26,4.186223077549379e-29,6.783038401183335e-24,5.953289350373801e-28,3.984374601115166e-25
0.0018162550502342758,1.960853788526339e-17,4.791028881014862e-23,1.0819250109953699e-26,2.7065567539625745e-29,1.1543578497914364e-21,3.847207899690626e-26,4.9159626168894006e-29,7.839239606961714e-24,6.967352458401181e-28,4.622906003688425e-25
0.0018338216953742697,2.2155125556995144e-17,5.521734104595966e-23,1.2614195448873256e-26,3.1801148061821046e-29,1.3242753970008854e-21,4.4778982259325053e-26,5.771734484235792e-29,9.05806274800632e-24,8.152487991736152e-28,5.36267704915886e-25
0.001851558243425991,2.5027373025268785e-17,6.362590097833675e-23,1.470393530767493e-26,3.735769079628826e-29,1.5188957713062067e-21,5.210920290712688e-26,6.77509963922438e-29,1.0464257930697797e-23,9.5372716761838e-28,6.219563508043494e-25
0.0018694663376741525,2.8266261248937204e-17,7.330003095631168e-23,1.7136386345224694e-26,4.3876180353314517e-29,1.7417645631391132e-21,6.062702975948865e-26,7.951271828317071e-29,1.2086297342816533e-23,1.1155004281038238e-27,7.211902628766212e-25
0.0018875476372971595,3.1917842325188876e-17,8.442792788474225e-23,1.9967171244114663e-26,5.152157963745967e-29,1.996929558772211e-21,7.052284207411992e-26,9.329730277695044e-29,1.395692814481851e-23,1.3044484812180159e-27,8.360870349726875e-25
0.0019058038175208325,3.603385607778317e-17,9.722542831348506e-23,2.3260844514018695e-26,6.04868677568163e-29,2.2890109010441305e-21,8.201720681530826e-26,1.0944934106852998e-28,1.611380644982774e-23,1.5250908880493558e-27,9.690915625661882e-25
0.0019242365697736152,4.067242024483709e-17,1.1194001586277723e-22,2.709231110048478e-26,7.099775102338283e-29,2.62328091343685e-21,9.536561198722852e-26,1.283715517389153e-28,1.8600224129316813e-23,1.782691228869643e-27,1.1230260409182324e-24
0.0019428476018432841,4.589880288256432e-17,1.2885540199427867e-22,3.1548467775435415e-26,8.331815807714762e-29,3.005754898892402e-21,1.1086393360961784e-25,1.5053448779276739e-28,2.1465941857211007e-23,2.0833783052791744e-27,1.3011475089260384e-24
0.001961638638035182,5.178628658958682e-17,1.4829676103265296e-22,3.673010189073827e-26,9.775664828659812e-29,3.443294399997796e-21,1.2885474869942738e-25,1.7648784807070632e-28,2.4768143716850463e-23,2.4342868743947106e-27,1.5072140633009384e-24
0.0019806114193319604,5.84171352556569e-17,1.7063671159665027e-22,4.2754087380006976e-26,1.146738836229064e-28,3.943724605451432e-21,1.4973462362093046e-25,2.0687365540648114e-28,2.857253087552425e-23,2.8437210279484566e-27,1.745561033173414e-24
0.0019997677035548927,6.588367526084799e-17,1.9630214939514044e-22,4.975592400112839e-26,1.344913386411042e-28,4.515967812035263e-21,1.7396252670515075e-25,2.4244160634008016e-28,3.2954574317392577e-23,3.321343819629115e-27,2.0211885947083978e-24
0.00201910926552673,7.42895044100603e-17,2.2578205089036947e-22,5.789267284282574e-26,1.577014515689114e-28,5.170195105004874e-21,2.0206953649088466e-25,2.840669464266153e-28,3.8000949459799183e-23,3.878397310826177e-27,2.339862522256245e-24
0.0020386378972361407,8.375084339794341e-17,2.596363838637309e-22,6.734634921095157e-26,1.848794524283235e-28,5.917998706667954e-21,2.3467004273374254e-25,3.3277128227167092e-28,4.3811178708177445e-23,4.527957859890396e-27,2.7082300208912792e-24
0.002058355408003734,9.43980462774321e-17,2.9850627970552326e-22,7.832784332222588e-26,2.1669714232001627e-28,6.772587767203397e-21,2.7247466695677113e-25,3.897468076172742e-28,5.049951168563827e-23,5.2852322366236614e-27,3.1339528693766753e-24
0.0020782636246496973,1.0637728826946942e-16,3.431256435918719e-22,9.108144994633625e-26,2.539389423232958e-28,7.749010738287176e-21,3.163051633387912e-25,4.56384497533078e-28,5.819707706668545e-23,6.167901017545085e-27,3.625860427745759e-24
0.0020983643916630467,1.1985245132208341e-16,3.943344029509979e-22,1.0589010045973474e-25,2.9752058187308767e-28,8.864407884237632e-21,3.6711159979812305e-25,5.343069136932144e-28,6.705434472069061e-23,7.196516726499677e-27,4.194125435630341e-24
0.0021186595713725185,1.3500723012629878e-16,4.530936221452638e-22,1.2308140494476984e-25,3.4851085609061565e-28,1.0138297953260734e-20,4.259921639659683e-25,6.254063667557022e-28,7.72439423095868e-23,8.394965350015169e-27,4.8504659528348615e-24
0.0021391510441191195,1.5204748384885717e-16,5.205027425423233e-22,1.4303462825946468e-25,4.081569506593809e-28,1.1592903559804331e-20,4.942159901981175e-25,7.318893012215164e-28,8.89638766762071e-23,9.791001201271598e-27,5.6083772800162164e-24
0.00215984070843033,1.7120386167481592e-16,5.978192426142945e-22,1.6618874272964673e-25,4.779139129514643e-28,1.325352042574703e-20,5.7324946280909595e-25,8.563279063895173e-28,1.0244121740750222e-22,1.1416866657955183e-26,6.483398253302315e-24
0.0021807304811960076,1.9273473339674928e-16,6.864810529488108e-22,1.9305172163558472e-25,5.594789409481777e-28,1.5148936301789692e-20,6.64786518432186e-25,1.0017201170945617e-27,1.1793630797717187e-22,1.3310010089090623e-26,7.49341694210213e-24
0.0022018222978459857,2.16929459774704e-16,7.881321067130778e-22,2.242112623908773e-25,6.5483126906363595e-28,1.7311906150762588e-20,7.707835480707885e-25,1.171559353222044e-27,1.357475789968835e-22,1.55139173503912e-26,8.659021505396094e-24
0.00222311811252939,2.4411204125917757e-16,9.046514578992795e-22,2.6034715671340754e-25,7.662785545773128e-28,1.9779691032557856e-20,8.934995884527632e-25,1.3699155614698604e-27,1.5621704848435342e-22,1.807907460829511e-26,1.0003902791207992e-23
0.0022446198982956894,2.74645187958355e-16,1.038186458404757e-21,3.022455577063029e-25,8.965108126773166e-28,2.2594669098364536e-20,1.0355425943751227e-24,1.6015293710110811e-27,1.7973660585956247e-22,2.1064082997559556e-26,1.1555316211244956e-23
0.0022663296472774986,3.0893485848572286e-16,1.1911905515808814e-21,3.508154312178065e-25,1.0486631151884364e-27,2.580502819368194e-20,1.1999227007119647e-24,1.871921461833914e-27,2.0675518980001375e-22,2.4536948780976033e-26,1.33446115043602e-23
0.0022882493708751487,3.474353205941541e-16,1.3664663153490255e-21,4.071075218404782e-25,1.2263884614600814e-27,2.946555080077489e-20,1.3901135168033718e-24,2.1875195766353994e-27,2.377869853396468e-22,2.8576576325653835e-26,1.540784023733317e-23
0.002310381099943042,3.9065479234189627e-16,1.5672144735042409e-21,4.723362132501452e-25,1.4339424537189728e-27,3.3638503439276165e-20,1.61012264949838e-24,2.5558059911855047e-27,2.7342078293151446e-22,3.327449541093667e-26,1.7786452300874095e-23
0.0023327268849778105,4.3916172900510825e-16,1.7970896907174512e-21,5.479047191983176e-25,1.676281668180545e-27,3.839464420819627e-20,1.8645728269952315e-24,2.9854887020792094e-27,3.1433066189005813e-22,3.873685922172264e-26,2.0528094267001618e-23
0.0023552887963082937,4.935918281162146e-16,2.060264076498591e-21,6.354341064168858e-25,1.9591779128204478e-27,4.381436391569116e-20,2.15879519700052e-24,3.486700104011076e-27,3.612881830023481e-22,4.508675495343375e-26,2.368752430874478e-23
0.0023780689242873516,5.546558329409482e-16,2.361499447670813e-21,7.367967251803716e-25,2.289350909221962e-27,4.998897822930798e-20,2.498936603269485e-24,4.071227521797585e-27,4.151763005064786e-22,5.246687537098812e-26,2.732766047585226e-23
0.0024010693794855433,6.23148223489512e-16,2.706229539626425e-21,8.541547086804371e-25,2.674622336601027e-27,5.702219051686514e-20,2.8920829084513216e-24,4.752780647611273e-27,4.770052324853516e-22,6.104260704999686e-26,3.1520781506628533e-23
0.002424292292886658,6.999568938775883e-16,3.1006535159208307e-21,9.900043002816467e-25,3.1240946393263447e-27,6.503174756775855e-20,3.3464007331006615e-24,5.5473017254322585e-27,5.479305614731267e-22,7.100559952864007e-26,3.634990207673041e-23
0.002447739816085158,7.860739256086476e-16,3.551842306028499e-21,1.1472268799522724e-24,3.648358534643886e-27,7.415131322130325e-20,3.871300326141757e-24,6.473325238849678e-27,6.292738742401696e-22,8.257788937936746e-26,4.1910347486974e-23
0.0024714141214855234,8.826075782471219e-16,4.06785950504043e-21,1.3291476897593219e-24,4.2597337759894905e-27,8.453258812187681e-20,4.47762267716446e-24,7.552394913801155e-27,7.225462918942098e-22,9.601666446103424e-26,4.8311556326153197e-23
0.00249531740250352,9.907956321115805e-16,4.657898799799615e-21,1.5396034056448994e-24,4.9725484420341686e-27,9.634770741412092e-20,5.1778544327333816e-24,8.809547066237373e-27,8.294752892771595e-22,1.116197665526263e-25,5.567914367132163e-23
0.0025194518737694234,1.112020232167712e-15,5.332440146891928e-21,1.783019871443353e-24,5.803462847184519e-27,1.097919522344979e-19,5.9863746954198966e-24,1.0273870730833873e-26,9.52035256895633e-22,1.2973204544975303e-25,6.415726197424405e-23
0.0025438197713331992,1.247824398385593e-15,6.103427222928016e-21,2.0645015043358595e-24,6.771845122639614e-27,1.250868154033763e-19,6.919738374675999e-24,1.1979156629374717e-26,1.0924823201467238e-21,1.507526947112986e-25,7.391130200571576e-23
0.002568423352871677,1.399930385603891e-15,6.98446900104238e-21,2.389934102167911e-24,7.900206617820991e-27,1.4248346683625577e-19,7.997001433365935e-24,1.396464890913145e-26,1.253394000346742e-21,1.7514371890487994e-25,8.513098217604384e-23
0.0025932648978977155,1.5702600955855046e-15,7.991068684444445e-21,2.7661030362818803e-24,9.214706542529474e-27,1.622666699432054e-19,9.240094144619373e-24,1.6275915740287607e-26,1.4377143811194154e-21,2.0343970479270028e-25,9.803388131907394e-23
0.002618346707971414,1.7609577656489063e-15,9.140883653710511e-21,3.200829103299323e-24,1.074573673643318e-26,1.8475920674957445e-19,1.067424935418115e-23,1.8965857350665378e-26,1.6488055332724236e-21,2.3625909485535285e-25,1.1286947773065668e-22
0.0026436711069133313,1.9744151822234817e-15,1.0454020565593326e-20,3.703124640833389e-24,1.2528599144209967e-26,2.103268767353062e-19,1.2328493748975953e-23,2.2095872945657636e-26,1.8905060527655783e-21,2.7431719136395164e-25,1.2992376601745474e-22
0.0026692404410198,2.213299694137989e-15,1.1953370284451003e-20,4.283372891354785e-24,1.4604290526125175e-26,2.39384142552455e-19,1.4236211280689977e-23,2.573721126879756e-26,2.167197681306537e-21,3.184411534468672e-25,1.4952453328259269e-22
0.0026950570792803057,2.480585329661131e-15,1.366498794088824e-20,4.9535340321371655e-24,1.7020411184367018e-26,2.7240050494881483e-19,1.6435789203698247e-23,2.9972533369726955e-26,2.4838811092542768e-21,3.6958728890266493e-25,1.7204738751397474e-22
0.002721123413596975,2.7795873535489692e-15,1.5618524104781814e-20,5.7273817850849354e-24,1.983221708039042e-26,3.099076995226081e-19,1.897135868229679e-23,3.489772053730989e-26,2.846262207849625e-21,4.288609876274176e-25,1.9792264393433757e-22
0.0027474418590061815,3.1140006359231278e-15,1.7847713841494112e-20,6.620775087081418e-24,2.3103837709855587e-26,3.525078194944094e-19,2.1893643628691307e-23,4.062396541322398e-26,3.2608501045572566e-21,4.975396952995272e-25,2.2764318972876574e-22
0.002774014853902301,3.4879422440390546e-15,2.039093130209707e-20,7.651969949299718e-24,2.690968554928274e-26,4.008824816606459e-19,2.5260933379849833e-23,4.728019012555525e-26,3.735068704015943e-21,5.770993853678474e-25,2.617734642229853e-22
0.0028008448602636258,3.90599871127516e-15,2.329181849340927e-20,8.841977374095885e-24,3.133608686101295e-26,4.558031672581421e-19,2.914019704144447e-23,5.501584198739069e-26,4.277383470592605e-21,6.692450555286227e-25,3.0095971051345974e-22
0.0028279343638804664,4.3732784853809695e-15,2.659999799588007e-20,1.0214974043624842e-23,3.6483168219297986e-26,5.181428858118733e-19,3.360835985852087e-23,6.400412502374978e-26,4.8974455300199085e-21,7.759458530204596e-25,3.4594167605181914e-22
0.0028552858745854604,4.895470110616342e-15,3.037188066278169e-20,1.1798773459995211e-23,4.246703839110085e-26,5.888893283710104e-19,3.875376485831207e-23,7.444573447262244e-26,5.606255420680242e-21,8.994755226640888e-25,3.975659641075264e-22
0.002882901926486106,5.478906756367219e-15,3.4671580760748794e-20,1.3625366319381652e-23,4.9422311274327123e-26,6.691596970985464e-19,4.467784629951893e-23,8.657317162544703e-26,6.416349133833947e-21,1.042458974279343e-24,4.568012657622766e-22
0.0029107850781995444,6.1306377686837234e-15,3.9571952619611544e-20,1.5731540161248748e-23,5.750502258332953e-26,7.602174212340744e-19,5.149704521001447e-23,1.0065572812801443e-25,7.342009431068412e-21,1.2079258838205606e-24,5.247557335703679e-22
0.0029389379130896247,6.858507991523888e-15,4.515576467130349e-20,1.815958977043128e-23,6.689600101355691e-26,8.634909952925946e-19,5.934500156421716e-23,1.1700524238223498e-25,8.399505821607774e-21,1.399372377440648e-24,6.026967937492067e-22
0.002967363039506237,7.671245681949495e-15,5.151702879883958e-20,2.0958131449076094e-23,7.780476387145548e-26,9.805952043259965e-19,6.837506251391848e-23,1.3598274623377948e-25,9.607367027682103e-21,1.6208320021945013e-24,6.920737343083761e-22
0.0029960630910269835,8.578559928806135e-15,5.876250521541366e-20,2.4183036145527103e-23,9.047401780249835e-26,1.1133550335285448e-18,7.87631516232933e-23,1.580061379996066e-25,1.0986690269442642e-20,1.8769573640425982e-24,7.94543452522712e-22
0.0030250407267011776,9.591248578296541e-15,6.701340568258791e-20,2.7898498560159516e-23,1.0518485749648323e-25,1.263832595823266e-18,9.071105036235151e-23,1.8355903842597892e-25,1.2561492269267557e-20,2.173114016427507e-24,9.11999797325583e-22
0.0030542986312962032,1.0721317773163346e-14,7.640732079120209e-20,3.2178261780358495e-23,1.222627693318509e-25,1.4343574517842056e-18,1.0445015028761548e-22,2.132010097645936e-25,1.435910751701084e-20,2.515488414647676e-24,1.0466070013590874e-21
0.003083839515546259,1.1982114325860024e-14,8.710040030923351e-20,3.710701976962817e-23,1.4208456311208806e-25,1.6275607418434069e-18,1.2024574250304882e-22,2.4757934526219897e-25,1.641064006210152e-20,2.9112120167278592e-24,1.2008377644893169e-21
0.003113666116403503,1.338847227110701e-14,9.926981929256812e-20,4.2782023196248475e-23,1.6508637365830459e-25,1.8464136017696573e-18,1.3840192028251419e-22,2.8744266749279468e-25,1.87514759158498e-20,3.3685039152618084e-24,1.3775166266178436e-21
0.003143781197291635,1.495687508070988e-14,1.1311656680798204e-19,4.931491768829865e-23,1.9177289541013364e-25,2.0942703895313018e-18,1.5926718129962785e-22,3.3365660971130135e-25,2.1421864069658983e-20,3.896834732233713e-24,1.5798693537704297e-21
0.0031741875483619194,1.670563517466724e-14,1.2886859878928635e-19,5.68338477049201e-23,2.227280377609613e-25,2.3749173155737458e-18,1.832408279248136e-22,3.872218954488456e-25,2.4467575175216062e-20,4.5071149063194014e-24,1.81157915904789e-21
0.0032048879867517086,1.8655092528727004e-14,1.467844018010726e-19,6.548586388716234e-23,2.586272170816113e-25,2.6926271400479057e-18,2.1078027770804433e-22,4.49295178675084e-25,2.7940648106096006e-20,5.211910956709709e-24,2.0768506905803334e-21
0.003235885356845427,2.0827834361114938e-14,1.6715702039090326e-19,7.543967707379947e-23,3.002515338046664e-25,3.0522206804997612e-18,2.424094116910379e-22,5.212130609067251e-25,3.1900235943151906e-20,6.025693827159638e-24,2.380482843824442e-21
0.003267182530538116,2.3248938081719437e-14,1.9031860734958593e-19,8.688880822677094e-23,3.4850412016440904e-25,3.4591359629580383e-18,2.7872810583592335e-22,6.045197636542384e-25,3.6413564417360397e-20,6.965124007946381e-24,2.72795159729056e-21
0.0032987824075015122,2.594623990731082e-14,2.1664556366001382e-19,1.0005519040793081e-22,4.044289869161408e-25,3.91950594932613e-18,3.2042311090244224e-22,7.009990057274208e-25,4.1557017524536237e-20,8.049378812188455e-24,3.1255042312393854e-21
0.003330687915452699,2.895063178827505e-14,2.4656434329689453e-19,1.151932867977367e-22,4.692327463981735e-25,4.440245885718709e-18,3.682804688752958e-22,8.1271071648673725e-25,4.741736692000261e-20,9.300527958476911e-24,3.580266470461643e-21
0.0033629020104253607,3.229638955789394e-14,2.8055800745514045e-19,1.32594797676625e-22,5.443096455691862e-25,5.0291514412351904e-18,4.23199679900909e-22,9.420333096414741e-25,5.4093163834636643e-20,1.0743964497576283e-23,4.1003642976989956e-21
0.0033954276770436554,3.602153550667988e-14,3.191736233579547e-19,1.5259403944798075e-22,6.312704072041865e-25,5.6950089461392794e-18,4.862098630517333e-22,1.0917123493862695e-24,6.169631465622448e-20,1.2408899132541091e-23,4.6950624166523396e-21
0.003428267928798741,4.0168238904097406e-14,3.630306146667475e-19,1.7557409033381143e-22,7.319754514671598e-25,6.447719194194828e-18,5.584881875620748e-22,1.2649165635031834e-24,7.035386402533215e-20,1.43289271365602e-23,5.3749216063349935e-21
0.003461425808327974,4.4783258340853266e-14,4.128301838403527e-19,2.0197381050905815e-22,8.485731549714973e-25,7.298436447860056e-18,6.413808890004362e-22,1.465302298795198e-24,8.02100123402247e-20,1.6542678391220673e-23,6.151977505679191e-21
0.0034949043876968083,4.991843014974903e-14,4.693659417448176e-19,2.322958593715595e-22,9.83543901762154e-25,8.25972447923378e-18,7.364272277562596e-22,1.6970876754273407e-24,9.142839799282195e-20,1.9094562572446404e-23,7.039943703206475e-21
0.0035287067686834202,5.5631207585008325e-14,5.335358965932079e-19,2.6711584961309076e-22,1.139750792200064e-24,9.345731696389138e-18,8.453867958969829e-22,1.9651378813722996e-24,1.0419467851427528e-19,2.2035623228054315e-23,8.054442386185613e-21
0.0035628360830660855,6.198525590255357e-14,6.063559731148139e-19,3.07092797037594e-22,1.3204980035528387e-24,1.057238764658892e-17,9.70270633659309e-22,2.2750632595429684e-24,1.1871944914722977e-19,2.5424516449111415e-23,9.213266232629418e-21
0.0035972954929133502,6.905110899058091e-14,6.88975253959424e-19,3.52981046974635e-22,1.5295979425350004e-24,1.1957623457682642e-17,1.113376679435458e-21,2.6333320821678446e-24,1.3524154224137464e-19,2.932863207060707e-23,1.053667571401934e-20
0.0036320881908769743,7.690689375525289e-14,7.826931590063314e-19,4.0564388301045426e-22,1.771448497772858e-24,1.3521619079922308e-17,1.2773301480752907e-21,3.0474001838918383e-24,1.5403175635558472e-19,3.3825377883398144e-23,1.2047736523853197e-20
0.0036672174004877436,8.563912907472332e-14,8.88978804774096e-19,4.660690520037886e-22,2.051121892247362e-24,1.5287080525998967e-17,1.4651295127491011e-21,3.5258599419491935e-24,1.7539707011806485e-19,3.9003650242259284e-23,1.3772702465009732e-20
0.0037026863764541254,9.534360680104316e-14,1.0094928158553517e-18,5.353864714160968e-22,2.3744668556734123e-24,1.7279550681196748e-17,1.6801988567419275e-21,4.0786114542244e-24,1.996854028284786e-19,4.496551776324748e-23,1.574144982642339e-20
0.0037384984049638158,1.0612636301904134e-13,1.1461118936081267e-18,6.148884213766716e-22,2.748226088488446e-24,1.9527757672518922e-17,1.9264474647829497e-21,4.71705918057553e-24,2.2729099157586976e-19,5.182814857335838e-23,1.798797006678117e-20
0.0037746568039882045,1.1810474856987355e-13,1.3009564846470122e-18,7.06052565194976e-22,3.1801712771782154e-24,2.2064005250261538e-17,2.208337640432426e-21,5.454337786814066e-24,2.5866046339755585e-19,5.972601586991561e-23,2.0550928511229577e-20
0.003811164923589783,1.3140860872082198e-13,1.4764219334619942e-18,8.105681888762493e-22,3.679258250238636e-24,2.492461015310477e-17,2.530961868440066e-21,6.305571472627786e-24,2.9429969083334495e-19,6.881342143827791e-23,2.347429776912809e-20
0.0038480261462325227,1.4618158281913877e-13,1.6752135502786826e-18,9.303661033262054e-22,4.2558052410614565e-24,2.815039200431884e-17,2.900130590864702e-21,7.288171684074666e-24,3.3478153026654603e-19,7.926738234600363e-23,2.680807571106617e-20
0.0038852438870952753,1.625825358135565e-13,1.9003860776450792e-18,1.067652713176666e-21,4.921697655163401e-24,3.178722192862221e-17,3.3224720353795576e-21,8.422178818993433e-24,3.8075455483422775e-19,9.129093237198378e-23,3.0609099117728624e-20
0.003922821594388163,1.807871346707754e-13,2.1553880978419734e-18,1.2249488244628593e-21,5.690623232111514e-24,3.588663679391172e-17,3.805545726136724e-21,9.73065434216728e-24,4.329529075966107e-19,1.0511689694577207e-22,3.49419655498473e-20
0.003960762749672071,2.0098958396469792e-13,2.4441119887943836e-18,1.4051338407966954e-21,6.5783420559886206e-24,4.0506526777538485e-17,4.3579715247213e-21,1.1240130650533849e-23,4.922074162615144e-19,1.2101220858416183e-22,3.9880077607696234e-20
0.00399907086818121,2.2340453628278932e-13,2.7709501095218145e-18,1.6114960854014938e-21,7.60299651221628e-24,4.571190484192957e-17,4.989576294342914e-21,1.2981127083224897e-23,5.594581282679223e-19,1.39282839154571e-22,4.550682557318401e-20
0.004037749499148796,2.4826919458744424e-13,3.1408579782090233e-18,1.847790085755319e-21,8.785467024364815e-24,5.1575767689068046e-17,5.711560558147687e-21,1.4988741675082177e-23,6.35768444670264e-19,1.6027943592099276e-22,5.191692648308736e-20
0.004076802226135893,2.758456253017932e-13,3.559425297714856e-18,2.118301770155757e-21,1.0149780245138803e-23,5.818005885859002e-17,6.536687836540937e-21,1.7303329626421776e-23,7.223410532856826e-19,1.844037604119589e-22,5.921793999717898e-20
0.004116232667363422,3.0642330267136223e-13,4.032955785884406e-18,2.427922652990494e-21,1.1723577335707167e-23,6.561674585212966e-17,7.479499703312431e-21,1.997128102985315e-23,8.205358862545527e-19,2.121160428880071e-22,6.75319840319825e-20
0.004156044476047394,3.4032190689882343e-13,4.568556882636702e-18,2.7822342298115958e-21,1.3538651063703687e-23,7.39890245204651e-17,8.556560001421159e-21,2.304591218397349e-23,9.318903548355648e-19,2.4394338080146723e-22,7.699767606587727e-20
0.004196241340737371,3.7789440067331687e-13,5.174240533855671e-18,3.1876039666646523e-21,1.5631561701577185e-23,8.341266545492199e-17,9.786732112398906e-21,2.6588486864342414e-23,1.0581421452652963e-18,2.8048932738648584e-22,8.7772329324746e-20
0.004236826985658219,4.195304110340984e-13,5.8590363951656875e-18,3.6512944529771306e-21,1.8044343135166106e-23,9.401751879660509e-17,1.1191493685136453e-20,3.0669386249226287e-23,1.201254894251596e-18,3.224448366782976e-22,1.000344367747129e-19
0.0042778051710551475,4.656599460379393e-13,6.633118958430007e-18,4.181587496452856e-21,2.082531222206935e-23,1.0594919573480351e-16,1.2795293807758735e-20,3.536944885076111e-23,1.3634471015825465e-18,3.706007541612817e-22,1.1398648003067502e-19
0.004319179693542098,5.167574784590949e-13,7.507950282203481e-18,4.787925174986483e-21,2.4029996298561313e-23,1.1937094702921807e-16,1.4625958258821322e-20,4.0781504826484466e-23,1.547224680905346e-18,4.258620682520696e-22,1.2985810499332294e-19
0.004360954386453497,5.733464317601889e-13,8.496440206502766e-18,5.481070128142701e-21,2.7722195854334466e-23,1.3446576118178507e-16,1.671514921059563e-20,4.701213249274995e-23,1.7554175985148086e-18,4.89264167351147e-22,1.479097113171379e-19
0.004403133120199424,6.360041068533444e-13,9.613126154506458e-18,6.27328767321374e-21,3.197520181238933e-23,1.5143870742748617e-16,1.9098886588372747e-20,5.418366878841243e-23,1.991221104595303e-18,5.619913807137683e-22,1.6843650875892286e-19
0.004445719802624187,7.05367091747822e-13,1.087437487177844e-17,7.178552672781249e-21,3.687318960815415e-23,1.7051955153658936e-16,2.1818139227511958e-20,6.243650991040568e-23,2.2582421224641755e-18,6.45398119428083e-22,1.9177310014104885e-19
0.004488718379368388,7.821372000780571e-13,1.2298608730247797e-17,8.212784467095384e-21,4.251281540401632e-23,1.919656755534271e-16,2.4919495027736193e-20,7.193174343714966e-23,2.560551429731676e-18,7.410329769465959e-22,2.182986581754616e-19
0.0045321328342344935,8.670879887525333e-13,1.3906559532699862e-17,9.394113621153094e-21,4.900504335608217e-23,2.1606533607212787e-16,2.845592049710755e-20,8.285415905618287e-23,2.9027423417571533e-18,8.506661975731365e-22,2.4844277183402977e-19
0.004575967189555924,9.610719095897998e-13,1.5721553097550772e-17,1.0743184729504365e-20,5.647723692935388e-23,2.4314129950418283e-16,3.248762142309678e-20,9.541569161538738e-23,3.2899966932972635e-18,9.76320976829106e-22,2.826920474304897e-19
0.004620225506569724,1.0650281548444013e-12,1.776982828717682e-17,1.2283500078747912e-20,6.507555190408537e-23,2.735548970669383e-16,3.7083017924256805e-20,1.098593577319578e-22,3.728159009845714e-18,1.120309120575746e-21,3.2159756022480167e-19
0.004664911885792835,1.1799912620100833e-12,2.0080894570473992e-17,1.4041809596503622e-20,7.496767400753552e-23,3.0771054696038865e-16,4.231984884461186e-20,1.2646375574396442e-22,4.223819867029167e-18,1.2852716611325028e-21,3.657832643127054e-19
0.0047100304674019995,1.3071005492553117e-12,2.2687932686564003e-17,1.6048553225489925e-20,8.634595012985166e-23,3.46060796451328e-16,4.828642237796518e-20,1.4554820851646395e-22,4.78440955584504e-18,1.4742251095091855e-21,4.15955481979132e-19
0.004755585431617371,1.4476104593416663e-12,2.5628243507106235e-17,1.8338362662451674e-20,9.943096894032915e-23,3.8911194240317513e-16,5.50830319778594e-20,1.6747863967718776e-22,5.418303304954205e-18,1.6906141145128243e-21,4.72913608749665e-19
0.004801580999089776,1.6029018969405712e-12,2.8943750785512035e-17,2.095063030558688e-20,1.1447565452437485e-22,4.3743029523660585e-16,6.282355905111835e-20,1.9267428643622935e-22,6.134939460270297e-18,1.9383714033037624e-21,5.3756218726562675e-19
0.004848021431291778,1.7744946519480623e-12,3.268156413930582e-17,2.3930154273809442e-20,1.3176994554067436e-22,4.916491584461212e-16,7.163728668270066e-20,2.2161536644507153e-22,6.944952188525757e-18,2.2219859955535927e-21,6.109245220561372e-19
0.004894911030912493,1.9640610097532294e-12,3.6894609344250827e-17,2.7327869511178565e-20,1.5164614249826102e-22,5.524766037040336e-16,8.167095173496611e-20,2.548518324037718e-22,7.860320457305858e-18,2.5465808164933397e-21,6.941580285285244e-19
0.004942254142256238,2.1734406584976677e-12,4.164233383400017e-17,3.120167628651232e-20,1.744850172398269e-22,6.207041303358957e-16,9.309106614812532e-20,2.9301336659475387e-22,8.894535251458738e-18,2.9180009848569975e-21,7.885715333222667e-19
0.004990055151645025,2.4046570132349224e-12,4.699149620602421e-17,3.5617378859996425e-20,2.0072279177774473e-22,6.972163076384154e-16,1.0608654218840099e-19,3.3682078850394446e-22,1.0062787217251859e-17,3.3429142223096468e-21,8.956447698762913e-19
0.005038318487824951,2.6599350876227217e-12,5.301704954352877e-17,4.0649748736021503e-20,2.3085910847567597e-22,7.830015092298988e-16,1.2087166079972013e-19,3.8709907252171695e-22,1.1382177183893276e-17,3.828925023973869e-21,1.0170503429862685e-18
0.005087048622376525,2.9417210554313357e-12,5.980312948524582e-17,4.6383728777889974e-20,2.6546613044131862e-22,8.791638604811141e-16,1.3768942717398288e-19,4.447921997787156e-22,1.2871952300091518e-17,4.384704448035111e-21,1.1546784696598368e-18
0.0051362500701289514,3.2527036568004983e-12,6.744415922273033e-17,5.2915796551249777e-20,3.051989301672658e-22,9.869365331891549e-16,1.5681536323080289e-19,5.109800988952156e-22,1.4553770844576018e-17,5.020137629390622e-21,1.3106648411380336e-18
0.005185927389578434,3.5958376179134585e-12,7.604608499185112e-17,6.035550761844007e-20,3.5080734623557366e-22,1.1076965361584234e-15,1.7856179296603578e-19,5.8689796529552035e-22,1.645199912764747e-17,5.7464914015930275e-21,1.4874219930139768e-18
0.005236085183310513,3.9743692676631646e-12,8.572775716678375e-17,6.882724215809359e-20,4.03149512636188e-22,1.2429811663832137e-15,2.032826836732581e-19,6.739582883119459e-22,1.859404430007089e-17,6.576604727079763e-21,1.6876746174776017e-18
0.0052867280984265,4.391864551062578e-12,9.662247377772501e-17,7.847218127003478e-20,4.632072933348854e-22,1.39450630324456e-15,2.3137911395832466e-19,7.737759602004898e-22,2.1010727330519906e-17,7.52510499255583e-21,1.914499304434054e-18
0.005337860826974014,4.852239656700579e-12,1.0887970517642714e-16,8.945054268593996e-20,5.321038866097142e-22,1.564186747709899e-15,2.6330544835970234e-19,8.881968921151865e-22,2.373670090848445e-17,8.608653629674439e-21,2.1713692572431994e-18
0.005389488106381734,5.359794494577857e-12,1.2266702068701733e-16,1.0194410938757122e-19,6.111238998616235e-22,1.7541588301511313e-15,2.9957630837491925e-19,1.0193306198400794e-21,2.68109175817021e-17,9.846224976770252e-21,2.4622045948425434e-18
0.005441614719898274,5.919249281294557e-12,1.3817224042612252e-16,1.1615908888841505e-19,7.017362366660802e-22,1.966805534280434e-15,3.4077444090802573e-19,1.1695874475530834e-21,3.0277154052063084e-17,1.1259422812011058e-20,2.7914289258584087e-18
0.005494245497035377,6.5357845119354945e-12,1.5560583808139264e-16,1.3232934571917724e-19,8.056201844149063e-22,2.2047844110757825e-15,3.875595977429415e-19,1.3417207521145615e-21,3.4184598238568914e-17,1.2872839569472656e-20,3.1640329628967323e-18
0.005547385314015366,7.215084622241581e-12,1.7520362332850144e-16,1.5072005503792658e-19,9.246951437318653e-22,2.471058585680707e-15,4.406785537776601e-19,1.5388751544820183e-21,3.858850647795884e-17,1.471446390573291e-20,3.5856460375416065e-18
0.005601039094222915,7.96338567092755e-12,1.9722973577473376e-16,1.7163183133427395e-19,1.06115450075549e-21,2.768931192391518e-15,5.00976407609865e-19,1.764641360146364e-21,4.3550939081695183e-17,1.681614302515541e-20,4.062616479809784e-18
0.005655211808661207,8.787527400458987e-12,2.219799858758346e-16,1.9540539299557765e-19,1.2175042113042126e-21,3.10208360829642e-15,5.694093258520053e-19,2.023118578431237e-21,4.914158341154108e-17,1.92141070077526e-20,4.602101941167332e-18
0.00570990847641249,9.69501006541699e-12,2.4978558221953433e-16,2.2242683114279326e-19,1.3966067429221922e-21,3.4746178952374054e-15,6.470589125040082e-19,2.318985552744239e-21,5.543867468551886e-17,2.1949563326409973e-20,5.2121708691057015e-18
0.005765134165103091,1.069405645093774e-11,2.810172889454278e-16,2.5313355972643276e-19,1.6017311080409167e-21,3.891103902892281e-15,7.351484070825851e-19,2.6575813722807446e-21,6.253002589323821e-17,2.506937080381113e-20,5.901916485258687e-18
0.005820893991372952,1.1793679539823016e-11,3.160900619218627e-16,2.88021033513372e-19,1.8366098203251827e-21,4.356631533329502e-15,8.350609402854133e-19,3.0449973923641085e-21,7.051417949728532e-17,2.862680345881733e-20,6.681584779841503e-18
0.005877193121349648,1.3003756325987348e-11,3.554682176771146e-16,3.276503314208189e-19,2.1055037182171417e-21,4.876868719802313e-15,9.483601040774017e-19,3.4881817679242046e-21,7.950169503983688e-17,3.2682416044313335e-20,7.562718214737437e-18
0.005934036771127054,1.4335108314176621e-11,3.9967119503930043e-16,3.726567148074781e-19,2.4132757264620074e-21,5.4581257303207865e-15,1.0768131245849531e-18,3.995058305252366e-21,8.961658837675322e-17,3.7305024602881776e-20,8.558317027985743e-18
0.005991430207248604,1.579958929160402e-11,4.492799760385657e-16,4.237592839737726e-19,2.7654747699225794e-21,6.107426470186206e-15,1.2224169614710397e-18,4.574661564128526e-21,1.0099794004240659e-16,4.257281708446459e-20,9.683020256103338e-18
0.006049378747195238,1.741018100657655e-11,5.049442399339256e-16,4.817718714315677e-19,3.168431216444934e-21,6.832587527781876e-15,1.3874276969876741e-18,5.2372903991017084e-21,1.1380169222692247e-16,4.857461100567122e-20,1.095330884025898e-17
0.006107887759878061,1.9181097442613242e-11,5.673903323191732e-16,5.476153276787036e-19,3.629365409381672e-21,7.642305785128624e-15,1.5743936221604477e-18,5.994682418937477e-21,1.2820265604449733e-16,5.54112773106025e-20,1.2387733460729932e-17
0.006166962666135776,2.1127898434293962e-11,6.374301402206236e-16,6.223313744784051e-19,4.156511058380168e-21,8.546255499719228e-15,1.7861924771079495e-18,6.860212171342988e-21,1.4439675321081028e-16,6.319735204838564e-20,1.400717005458257e-17
0.006226608939236915,2.3267613433459194e-11,7.15970974013425e-16,7.070982222470071e-19,4.759255492319605e-21,9.555195857720065e-15,2.0260733579573223e-18,7.849116230892146e-21,1.626035189551132e-16,7.206286024712728e-20,1.5835106317733414e-17
0.006286832105386944,2.5618876301758552e-11,8.040265679525428e-16,8.032481723743678e-19,5.448299044355384e-21,1.0681090101604725e-14,2.29770386487547e-18,8.978748787070379e-21,1.8306889599743882e-16,8.215537947603687e-20,1.7897962878498678e-17
0.006347637744240258,2.8202072078304168e-11,9.027293232490898e-16,9.122874524500094e-19,6.235836139862138e-21,1.1937237448578834e-14,2.605223135164795e-18,1.026887180269422e-20,2.0606835275508546e-16,9.364237408963243e-20,2.0225453259872726e-17
0.006409031489417134,3.10394967497272e-11,1.0133439310422408e-15,1.0359185627928768e-18,7.13576099811558e-21,1.3338419140771246e-14,2.953301483027752e-18,1.174198434756032e-20,2.3191036264049656e-16,1.0671383508869057e-19,2.2850987227052344e-17
0.0064710190290256904,3.415553113471587e-11,1.13728252745523e-15,1.176065446768383e-18,8.163901242859228e-21,1.490106010521141e-14,3.3472074544444633e-18,1.3423696315834016e-20,2.6094028541347193e-16,1.2158526496539426e-19,2.581212265061811e-17
0.006533606106188872,3.7576830086565815e-11,1.2761215493253165e-15,1.3349018355585473e-18,9.338283151110504e-21,1.664340785227587e-14,3.792883202690935e-18,1.5343152417169023e-20,2.9354469609733887e-16,1.3850105188557235e-19,2.9151071610394156e-17
0.00659679851957658,4.133252831596142e-11,1.4316204773251171e-15,1.5148831608089613e-18,1.067943276004808e-20,1.858573040689291e-14,4.297029198542235e-18,1.753351310071447e-20,3.301562120083719e-16,1.5773828316650794e-19,3.291526712709494e-17
0.0066606021239428775,4.5454464242589184e-11,1.6057426732195652e-15,1.7187824764479586e-18,1.221071760575993e-20,2.0750535248774135e-14,4.867199410463584e-18,2.003249993909163e-20,3.712588740328256e-16,1.7961105431030563e-19,3.71579976458626e-17
0.0067250228306684565,4.9977423398915415e-11,1.800678540126708e-15,1.9497308845607683e-18,1.3958734493081964e-20,2.3162811437875428e-14,5.511908225572475e-18,2.288301397858448e-20,4.173941444733881e-16,2.044753369348282e-19,4.1939117216093886e-17
0.006790066608308315,5.493940303311775e-11,2.018871259082836e-15,2.2112630201679446e-18,1.595374940179399e-20,2.5850297320879307e-14,6.240750533472545e-18,2.6133836666185097e-20,4.691675906411129e-16,2.327344769020097e-19,4.732584022461808e-17
0.006855739483144748,6.038189969136861e-11,2.2630453821869626e-15,2.5073682168530897e-18,1.8230196431263867e-20,2.884377645563201e-14,7.064536564040663e-18,2.9840424209483197e-20,5.27256330958587e-16,2.6484540288267193e-19,5.339363055459652e-17
0.0069220475397456715,6.635022170325749e-11,2.5362385923777512e-15,2.8425480502349985e-18,2.0827243584722582e-20,3.2177404655191595e-14,7.995443258906385e-18,3.406580762940396e-20,5.924173287434104e-16,3.0132563563699048e-19,6.022719617169405e-17
0.006988996921528365,7.2893828648677e-11,2.841836972755509e-15,3.2218810402100625e-18,2.378943420858645e-20,3.588907134369595e-14,9.047184166936833e-18,3.8881612348283926e-20,6.654966281427652e-16,3.4276119956322485e-19,6.792160139460021e-17
0.007056593831328642,8.006670005098345e-11,3.1836141646180573e-15,3.651095386731789e-18,2.716741404613245e-20,4.0020798735093336e-14,1.0235200089023587e-17,4.436921293905119e-20,7.47439636982343e-16,3.898155507230309e-19,7.658351050269798e-17
0.0071248445319755755,8.79277357204138e-11,3.565774833372319e-15,4.136650718790012e-18,3.1018755154646834e-20,4.46191826955282e-14,1.1576872959645828e-17,5.0621040670361696e-20,8.393025726814812e-16,4.432396497556286e-19,8.633257788485011e-17
0.007193755346871697,9.654119036450096e-11,3.993002905582765e-15,4.685829953477082e-18,3.540888938915746e-20,4.973587953377975e-14,1.3091765745085766e-17,5.774206374545624e-20,9.422651999818813e-16,5.038833240311533e-19,9.730300165682165e-17
0.007263332660578893,1.0597714528976265e-10,4.470515089047121e-15,5.306842493007954e-18,4.041216579466245e-20,5.542814338479419e-14,1.480189146429862e-17,6.585146268088152e-20,1.0576450031669449e-15,5.727080812737234e-19,1.0964525958949168e-16
0.007333582919409919,1.1631202024195634e-10,5.004120241381693e-15,6.0089401338620814e-18,4.611304809527531e-20,6.175941931242756e-14,1.6732014801970676e-17,7.508452614019492e-20,1.1869129508483446e-15,6.508015569381459e-19,1.2352804831644568e-16
0.007404512632025653,1.2762912867215088e-10,5.600285211664291e-15,6.802547225609406e-18,5.2607470548967896e-20,6.879999776289002e-14,1.8909990188563956e-17,8.559479576719473e-20,1.3317110284181743e-15,7.393938001110352e-19,1.3914044915053542e-16
0.007476128370038119,1.400192799737747e-10,6.266207844756229e-15,7.69940679940855e-18,6.000437277951253e-20,7.662773655408242e-14,2.1367140673717982e-17,9.755649219733265e-20,1.4938717320747279e-15,8.398756279158105e-19,1.5669434646001594e-16
0.007548436768619343,1.535814325129008e-10,7.0098979095960284e-15,8.712744589806376e-18,6.842743683545783e-20,8.532885719258831e-14,2.413868242251636e-17,1.1116725851471952e-19,1.675439739111067e-15,9.53819306655426e-19,1.764271274637313e-16
0.007621444527116099,1.684234015719029e-10,7.840266791692756e-15,9.857453100727774e-18,7.801705269601443e-20,9.499882297435328e-14,2.726420022452362e-17,1.2665126202121972e-19,1.878695992108118e-15,1.0830018495866595e-18,1.9860469553226366e-16
0.007695158409670604,1.846626266464009e-10,8.767226876938694e-15,1.1150298120111691e-17,8.893254178661472e-20,1.05743307052422e-13,3.0788180029579127e-17,1.442627003561649e-19,2.1061844600208534e-15,1.229431256689235e-18,2.235248326624388e-16
0.007769585245847212,2.0242700287890867e-10,9.801801649509452e-15,1.2610150370499677e-17,1.0135467182848053e-19,1.1767925945122258e-13,3.476060521913878e-17,1.642897638202417e-19,2.3607418671276835e-15,1.395376061517799e-18,2.515209507632626e-16
0.007844731931265168,2.218557817813541e-10,1.0956247631869968e-14,1.4258245298327505e-17,1.1548850057840752e-19,1.3093608287821737e-13,3.9237624095326844e-17,1.8705911229348628e-19,2.6455307116998088e-15,1.5833985947111986e-18,2.8296627579417864e-16
0.00792060542823749,2.4310054679435003e-10,1.2244189410696036e-14,1.6118474356377537e-17,1.315665907747374e-19,1.4565692813693725e-13,4.428229693050058e-17,2.1294093248296543e-19,2.964075930326466e-15,1.796392423532831e-18,3.1827851367698973e-16
0.007997212766416009,2.663262696557004e-10,1.3680769119877733e-14,1.8217711525912338e-17,1.4985264395784565e-19,1.620001209881629e-13,4.9965431877642134e-17,2.42354649488917e-19,3.3203056014333975e-15,2.0376244825581123e-18,3.579250523119859e-16
0.008074561043442707,2.9171245400612155e-10,1.5282811891818497e-14,2.0586179261931318e-17,1.7064560685084194e-19,1.8014073344628281e-13,5.636652010692359e-17,2.757753759487998e-19,3.7185961229995955e-15,2.3107824729984396e-18,4.0242876002168543e-16
0.00815265742560725,3.194543731485296e-10,1.7069008942202277e-14,2.3257858531826664e-17,1.942843107495303e-19,2.002723137444281e-13,6.357478171818893e-17,3.1374119243007394e-19,4.163822345207503e-15,2.6200281779323925e-18,4.523744473847365e-16
0.008231509148510981,3.4976440940093697e-10,1.906012012261888e-14,2.6270948159998524e-17,2.211527119709806e-19,2.2260879056467815e-13,7.169033529586395e-17,3.568613644321094e-19,4.661413189172701e-15,2.97005741876443e-18,5.084160667750115e-16
0.008311123517737294,3.8287350304415356e-10,2.127919796138273e-14,2.966837929494191e-17,2.516858099486504e-19,2.473865686185465e-13,8.082550543645592e-17,4.0582561447953006e-19,5.217413338464027e-15,3.3661674655095964e-18,5.712847320616157e-16
0.008391507909528478,4.1903271946684603e-10,2.3751835417137256e-14,3.349839148774974e-17,2.8637632915276337e-19,2.748668342896477e-13,9.110628420527841e-17,4.614145825154345e-19,5.838551651346513e-15,3.814332811075355e-18,6.4179764993733e-16
0.008472669771469135,4.58514943754649e-10,2.6506439794199533e-14,3.781517761951655e-17,3.2578226178470984e-19,3.0533809182726385e-13,1.0267396428613112e-16,5.245116243258963e-19,6.532317009130043e-15,4.321290328774678e-18,7.208680643161376e-16
0.008554616623176197,5.016167126598313e-10,2.957453551493001e-14,4.2679605748172934e-17,3.7053538028566253e-19,3.3911895251937093e-13,1.1568696359479792e-16,5.96116116261722e-19,7.307042390289231e-15,4.8946349541740824e-18,8.095163262751652e-16
0.0086373560569956,5.486601946264946e-10,3.29910987148426e-14,4.816002687217545e-17,4.2135084227196264e-19,3.765612013918764e-13,1.303228633562452e-16,6.773584553100184e-19,8.171998041817497e-15,5.54292716853574e-18,9.088822142229518e-16
0.008720895738705745,5.999953293367591e-10,3.6794926922966265e-14,5.4333178639521116e-17,4.790380257399279e-19,4.180531682921262e-13,1.4678068412002094e-16,7.695169668746237e-19,9.137494709320273e-15,6.275813713189729e-18,1.020238642475029e-15
0.008805243408227694,6.560021390891198e-10,4.102904741561388e-14,6.12851961772185e-17,5.445127494707549e-19,4.640234327369681e-13,1.6528342693515397e-16,8.740369587507128e-19,1.0214997986458295e-14,7.104163133998094e-18,1.1450069113434834e-15
0.00889040688034228,7.170932252247843e-10,4.5741168188959955e-14,6.911274249129932e-17,6.188110527326545e-19,5.149448946571517e-13,1.8608090995407426e-16,9.925521890595903e-19,1.1417254953389818e-14,8.040217944662996e-18,1.2847736683458379e-15
0.008976394045414162,7.837164637855127e-10,5.098417588759266e-14,7.792427230467594e-17,7.031047298714123e-19,5.713392461702014e-13,2.0945293411676842e-16,1.126909048716702e-18,1.2758434393819308e-14,9.097765409262154e-18,1.4413097683718043e-15
0.009063212870122841,8.563579156206186e-10,5.6816685455778747e-14,8.784144477516363e-17,7.98718839479139e-19,6.337818827858943e-13,2.357128153175134e-16,1.2791937957585806e-18,1.4254282012182273e-14,1.0292329180534308e-17,1.6165912407918628e-15
0.009150871398200788,9.355449672663964e-10,6.330364674904209e-14,9.900070228605787e-17,9.07151434842329e-19,7.029072960144392e-13,2.652113246160966e-16,1.451763220013208e-18,1.592229221754648e-14,1.1641384293912553e-17,1.812822593744185e-15
0.009239377751178678,1.0218497201026764e-09,7.051701385970551e-14,1.1155503444552295e-16,1.03009579264185e-18,7.794149932340873e-13,2.9834108266719057e-16,1.6472791626861675e-18,1.7781898200269478e-14,1.3164598311165119e-17,2.032462710411402e-15
0.009328740129137862,1.1158926465527105e-09,7.853648347541424e-14,1.256759485900324e-16,1.1694654507925124e-18,8.640759949093917e-13,3.3554145965309877e-16,1.8687473670257892e-18,1.9854682202681857e-14,1.4884101735206134e-17,2.2782536192316195e-15
0.009418966811470085,1.2183465334404326e-09,8.745030920897295e-14,1.415556704841096e-16,1.3274224042996464e-18,9.57739963863151e-13,3.773040376696505e-16,2.119561193971086e-18,2.2164608077608124e-14,1.6824791182992307e-17,2.5532524499366637e-15
0.009510066157644584,1.3299407340575792e-09,9.73561995160549e-14,1.594096015694749e-16,1.5064088505540493e-18,1.0613430263282963e-12,4.241786987904912e-16,2.403550801292751e-18,2.473827844003816e-14,1.9014669210646975e-17,2.8608669203637115e-15
0.009602046607982579,1.4514657520286363e-09,1.0836230755983424e-13,1.7947906206965954e-16,1.7091829231200002e-18,1.1759163499733194e-12,4.767804089860812e-16,2.7250384570118587e-18,2.7605218949519324e-14,2.1485225138755686e-17,3.204894735449491e-15
0.009694916684439272,1.5837781816997015e-09,1.205883221943611e-13,2.020343525326491e-16,1.9388589063896802e-18,1.3025955500470794e-12,5.357967757710882e-16,3.0889007387125385e-18,3.0798192515864976e-14,2.4271861731354363e-17,3.589567320040972e-15
0.009788684991393388,1.7278060315252951e-09,1.3416667012791545e-13,2.273781700284553e-16,2.1989524831464063e-18,1.442631001264539e-12,6.019964659755867e-16,3.5006384607465766e-18,3.435354650068849e-14,2.741437314528537e-17,4.019598351511257e-15
0.009883360216444413,1.8845544587902207e-09,1.492438403005479e-13,2.5584941924920993e-16,2.4934316338420837e-18,1.5973991401008018e-12,6.762385794677148e-16,3.966455272367299e-18,3.8311596294465336e-14,3.0957480193686497e-17,4.5002376070742715e-15
0.009978951131217434,2.0551119459903943e-09,1.6598184257432186e-13,2.8782746322834906e-16,2.8267738810699073e-18,1.7684148498227278e-12,7.594830850931448e-16,4.4933459827525744e-18,4.271704898584248e-14,3.4951429665571153e-17,5.037330694593276e-15
0.010075466592175864,2.2406569513140768e-09,1.8455981399853276e-13,3.237368633491843e-16,3.204030656232367e-18,1.9573450289199082e-12,8.528024366440378e-16,5.089195795056492e-18,4.761947120961104e-14,3.945266522058184e-17,5.637385295081517e-15
0.010172915541441984,2.442465067920876e-09,2.051757871844543e-13,3.64052663803164e-16,3.630899658779831e-18,2.166023452653318e-12,9.57394499442296e-16,5.762891772587478e-18,5.307380566512039e-14,4.4524578242776183e-17,6.307644610534171e-15
0.01027130700762543,2.6619167291181146e-09,2.2804863671468687e-13,4.0930628174085126e-16,4.113806182773927e-18,2.396467047283349e-12,1.0745969322453525e-15,6.524448017640125e-18,5.914094124138238e-14,5.023834799945345e-17,7.056168782815546e-15
0.01037065010665968,2.9005054990940194e-09,2.534202210316185e-13,4.60092071096234e-16,4.659994502181564e-18,2.6508937072332865e-12,1.205903184796661e-15,7.385146219294938e-18,6.588834217223716e-14,5.667388152117764e-17,7.891925128700242e-15
0.01047095404264666,3.15984699158984e-09,2.815577389094026e-13,5.170746355272602e-16,5.2776305366365086e-18,2.931741797061869e-12,1.352980288600858e-15,8.357693422746407e-18,7.33907421787878e-14,6.392086480924293e-17,8.824888123556356e-15
0.01057222810870948,3.441688461792882e-09,3.1275632142667954e-13,5.8099697417654195e-16,5.975917164997387e-18,3.2416914927333893e-12,1.5176886375739812e-15,9.456399091734799e-18,8.173091014111227e-14,7.207993829989805e-17,9.86615016234679e-15
0.01067448168785345,3.747919119815148e-09,3.473418823366027e-13,6.526895531014917e-16,6.765223716620709e-18,3.583688130370515e-12,1.7021039762861482e-15,1.0697373780057691e-17,9.100049448180699e-14,8.126401098528729e-17,1.1028044232461232e-14
0.010777724253835413,4.08058121740336e-09,3.8567425189157707e-13,7.33080405343585e-16,7.65723135180876e-18,3.960967745541763e-12,1.9085418367843313e-15,1.2098752000770949e-17,1.0130095414529812e-13,9.159972922531836e-17,1.2324279749339634e-14
0.010881965372041478,4.4418819630140175e-09,4.281506215381751e-13,8.23206373803465e-16,8.66509624553813e-18,4.377085002267573e-12,2.139584690676469e-15,1.3680942185771553e-17,1.1274458482470329e-13,1.0322911810033546e-16,1.3770092933913468e-14
0.010987214700373248,4.8342063240929084e-09,4.752093294705622e-13,9.242256234745608e-16,9.803632714735796e-18,4.835943728428815e-12,2.3981121115249295e-15,1.5466906967515226e-17,1.2545564992838813e-13,1.163114151711695e-16,1.5382413251722376e-14
0.011093481990142647,5.260130779340271e-09,5.273340198373448e-13,1.0374315632850534e-15,1.1089518681705078e-17,5.341830293245295e-12,2.6873342739039537e-15,1.7482477392624722e-17,1.3957162669794417e-13,1.3102511875266302e-16,1.7180047588379833e-14
0.011200777086975337,5.722438087925147e-09,5.850582114572258e-13,1.164268332941607e-15,1.2541526147784865e-17,5.899450083070546e-12,3.010829150023077e-15,1.9756705098410908e-17,1.5524457889516093e-13,1.475702752931627e-16,1.9183884006217674e-14
0.011309109931722934,6.224133147060564e-09,6.489703152359195e-13,1.3063480269082216e-15,1.4180779665255406e-17,6.513967354062947e-12,3.372583802927894e-15,2.2322256952788198e-17,1.7264266857580117e-13,1.661710332121708e-16,2.1417117113915595e-14
0.011418490561384022,6.768460014066403e-09,7.197191431136659e-13,1.465469846151257e-15,1.603104614551025e-17,7.1910487644712625e-12,3.7770402173239545e-15,2.5215857181002294e-17,1.9195182067080844e-13,1.8707849361089823e-16,2.3905497286312473e-14
0.011528929110034069,7.358920174057694e-09,7.980199553363949e-13,1.6436413887205597e-15,1.811905973169341e-17,7.936910915472524e-12,4.229146155414921e-15,2.847878258506236e-17,2.1337755541053547e-13,2.1057389166811218e-16,2.6677606197187274e-14
0.011640435809764368,7.999292139710397e-09,8.846610971614439e-13,1.8431023128108245e-15,2.0474885898839377e-17,8.758372257876074e-12,4.734411576242911e-15,3.215741711032901e-17,2.3714700506460766e-13,2.3697214630227884e-16,2.9765161375488567e-14
0.011753020991630005,8.69365247519164e-09,9.80511280811944e-13,2.0663506308778417e-15,2.3132329429038315e-17,9.662909752741307e-12,5.298971213326355e-15,3.6303872735732647e-17,2.6351113304006883e-13,2.666258198600452e-16,3.320335276740176e-14
0.011866695086607046,9.446398342321323e-09,1.0865275736151092e-12,2.3161719209073975e-15,2.6129391448867545e-17,1.0658720707225439e-11,5.929653967441818e-15,4.0976684467699693e-17,2.927471750956245e-13,2.9992953422443353e-16,3.703121458506514e-14
0.011981468626558963,1.0262271673368224e-08,1.203764158834821e-12,2.5956717713158495e-15,2.950878131738971e-17,1.1754790242991526e-11,6.63405983974542e-15,4.624158811205579e-17,3.2516132430254584e-13,3.373248948713603e-16,4.1292036050169174e-14
0.012097352245212396,1.114638508159761e-08,1.333381941776768e-12,2.9083118094856838e-15,3.331848982225953e-17,1.2960964893469274e-11,7.420645205709692e-15,5.2172390492937406e-17,3.6109168342774753e-13,3.793059800939173e-16,4.60338149998506e-14
0.012214356679142389,1.210424962780518e-08,1.476659080346495e-12,3.2579497009275305e-15,3.7612430886471925e-17,1.4288032868425067e-11,8.29881731323713e-15,5.885194289413695e-17,4.0091151064650455e-13,4.2642545891859233e-16,5.1309758716209767e-14
0.012332492768767099,1.314180456860288e-08,1.6350025264229272e-12,3.648883546855818e-15,4.245115981739483e-17,1.574781156987911e-11,9.279038979555727e-15,6.637322972855946e-17,4.450327869277517e-13,4.793014082205414e-16,5.717883677263846e-14
0.012451771459352173,1.4265449220206045e-08,1.8099606722206793e-12,4.0859011529548885e-15,4.79026770522246e-17,1.7353242992713713e-11,1.0372944561918108e-14,7.484058580915346e-17,4.939101360923106e-13,5.386249072779622e-16,6.37063911635971e-14
0.01257220380202482,1.548207707990932e-08,2.0032372043068542e-12,4.574334691708395e-15,5.404332738021989e-17,1.9118497696597528e-11,1.1593468387615813e-14,8.437105711471042e-17,5.48045131442378e-13,6.051684965667543e-16,7.096480950325907e-14
0.012693800954797694,1.6799112356380596e-08,2.216706277169499e-12,5.120121335334107e-15,6.095880576332909e-17,2.1059088093443763e-11,1.295498695035204e-14,9.509592163309155e-17,6.079910260211324e-13,6.797955970716964e-16,7.903426764689111e-14
0.012816574183602691,1.8224549069348306e-08,2.4524291282662767e-12,5.729870496604565e-15,6.874528214577781e-17,2.3191991856831443e-11,1.4473476313686275e-14,1.071623887407324e-16,6.743579470063495e-13,7.634709968764148e-16,8.800354871143014e-14
0.012940534863334711,1.9766992889255123e-08,2.7126722673815075e-12,6.410938381202919e-15,7.751065905380476e-17,2.553578632703119e-11,1.616668630921761e-14,1.207354976614639e-16,7.478185984969726e-13,8.57272523394038e-16,9.797094615358684e-14
0.013065694478905552,2.1435705898017428e-08,2.9999273849577862e-12,7.171510628355369e-15,8.737597735438243e-17,2.8110794857835603e-11,1.8054333278718554e-14,1.3600023786174548e-16,8.291145210432e-13,9.624040324309621e-16,1.0904525931024832e-13
0.01319206462630798,2.3240654463193745e-08,3.3169331369231715e-12,8.02069389697757e-15,9.847698728364239e-17,3.093924612975048e-11,2.0158313286959987e-14,1.5316391680843902e-16,9.190629607273609e-13,1.0802098594638237e-15,1.213468906230634e-13
0.013319657013690096,2.5192560429660342e-08,3.666698977491454e-12,8.96861734317817e-15,1.109659037906114e-16,3.404544753863876e-11,2.2502937927012686e-14,1.724588033665182e-16,1.0185644054571667e-12,1.2121908941942978e-15,1.3500905466314945e-13
0.013448483462440083,2.7302955845354183e-08,4.052531226559402e-12,1.0026545032495509e-14,1.250133673907829e-16,3.7455973860163374e-11,2.5115195054067853e-14,1.9414507827801252e-16,1.1286108514179964e-12,1.360022456782513e-15,1.5017911005005666e-13
0.01357855590828148,2.9584241450793697e-08,4.478061574761557e-12,1.1207000437557342e-14,1.4081063410998627e-16,4.1199872488774744e-11,2.8025037019090367e-14,2.1851412667322175e-16,1.2502948683839949e-12,1.525574173316077e-15,1.670200264290235e-13
0.01370988640237898,3.204974917596525e-08,4.947278247070616e-12,1.2523904289910861e-14,1.5857202074756432e-16,4.5308886656125995e-11,3.126569923193371e-14,2.458922114580535e-16,1.38481953884823e-12,1.7109320692338325e-15,1.8571199984036168e-13
0.013842487112454997,3.471380890282116e-08,5.464560065169328e-12,1.3992727184620215e-14,1.7853763462728065e-16,4.981769814823446e-11,3.487405216708704e-14,2.7664457073773474e-16,1.5335093527443747e-12,1.918423122798008e-15,2.0645423109384544e-13
0.013976370323916994,3.759181976706794e-08,6.034713669785216e-12,1.5630658478995635e-14,2.009764202656514e-16,5.4764191164030655e-11,3.889099023635287e-14,3.111799872222404e-16,1.6978221469411285e-12,2.1506425465173496e-15,2.294668831586993e-13
0.01411154844099571,4.0700326289228676e-08,6.66301418690332e-12,1.7456793183775724e-14,2.261895590053342e-16,6.018973909086052e-11,4.336186129412209e-14,3.4995588286209753e-16,1.87936218674773e-12,2.4104840929172918e-15,2.54993235107211e-13
0.014248033987894438,4.4057099642115955e-08,7.355249646402015e-12,1.94923387175783e-14,2.5451426167315435e-16,6.613951611566771e-11,4.833694091531054e-14,3.934839978399617e-16,2.0798944954286818e-12,2.7011737124995095e-15,2.83302051818412e-13
0.014385839609949352,4.7681224379956276e-08,8.117769488336613e-12,2.1760843584970773e-14,2.863279987710876e-16,7.266283574479386e-11,5.3871955996587795e-14,4.4233671955275043e-16,2.301360547245368e-12,3.0263069264341415e-15,3.146901904705388e-13
0.014524978074801109,5.159319097345596e-08,8.957537520998813e-12,2.4288450246717783e-14,3.220532176397158e-16,7.981351847137866e-11,6.002866268164722e-14,4.971541344297156e-16,2.5458954498887443e-12,3.3898903148069715e-15,3.494854668405912e-13
0.014665462273577767,5.5814994515167694e-08,9.882189726171175e-12,2.7104174679425774e-14,3.621626014985497e-16,8.765029100804986e-11,6.687548410458042e-14,5.58651883414704e-16,2.8158467534045123e-12,3.796387563463068e-15,3.8804980660125746e-13
0.014807305222089137,6.037023998063273e-08,1.0900097340877067e-11,3.0240215372869336e-14,4.0718493132281994e-16,9.623721969494995e-11,7.448821398600289e-14,6.27629910778907e-16,3.1137950349189112e-12,4.250770559040603e-15,4.307827091754954e-13
0.014950520062032714,6.528425445301629e-08,1.20204356815956e-11,3.373229478888664e-14,4.577116182237142e-16,1.0564418090005729e-10,8.295079270880037e-14,7.049822057114286e-16,3.4425764217254957e-12,4.7585760731080165e-15,4.781250542954906e-13
0.015095120062211219,7.058420674231283e-08,1.3253259216581291e-11,3.762003660817832e-14,5.144039814269181e-16,1.1594737145132503e-10,9.23561631489323e-14,7.917076469577843e-16,3.805307229680443e-12,5.325968632874359e-15,5.305632842330997e-13
0.015241118619761967,7.629923485480491e-08,1.460958343485193e-11,4.19473824232123e-14,5.780013551690451e-16,1.2722986237950208e-10,1.0280721424697863e-13,8.88922072749086e-16,4.205410909466113e-12,5.9598102382650346e-15,5.886339977455431e-13
0.015388529261398106,8.246058179429594e-08,1.6101474106819645e-11,4.676305189942533e-14,6.493301169351911e-16,1.3958219950774795e-10,1.1441782108353034e-13,9.97871711505603e-16,4.646647510222554e-12,6.667737653803107e-15,6.529289951335134e-13
0.015537365644661849,8.910174020379765e-08,1.7742144581722975e-11,5.212105082612504e-14,7.293137395358363e-16,1.5310305470064575e-10,1.2731399107245207e-13,1.119948123439464e-15,5.133145888420295e-12,7.458248079346038e-15,7.241008174647674e-13
0.015687641559189877,9.62586063848851e-08,1.9546061821263086e-11,5.808123191616193e-14,8.189839806688207e-16,1.6789993188231437e-10,1.4163512681699062e-13,1.256704819365893e-15,5.66943890977422e-12,8.34079408697153e-15,8.028688269995486e-13
0.015839370927990894,1.0396964426189249e-07,2.1529061927457475e-11,6.470991369316767e-14,9.194933359421574e-16,1.840899322523502e-10,1.5753541719218246e-13,1.4098757409193254e-15,6.260501913598031e-12,9.32588880294866e-15,8.900258801939535e-13
0.015992567808735623,1.1227605988958726e-07,2.3708475986060017e-11,7.208056333090415e-14,1.0321288949699216e-15,2.0180058347103994e-10,1.751853693307486e-13,1.5813958061346725e-15,6.911794732415031e-12,1.0425222414581373e-14,9.864456493842846e-13
0.01614724639505923,1.2122198713593228e-07,2.6103267115279846e-11,8.027454988521235e-14,1.1583277552301415e-15,2.2117073795309064e-10,1.9477349540747917e-13,1.7734237461863165e-15,7.629307585009603e-12,1.1651791192675288e-14,1.0930906544019124e-12
0.01630342101787635,1.3085468520620936e-07,2.8734179683391738e-11,8.938197498994732e-14,1.2996941650383135e-15,2.423515458039483e-10,2.1650816944813923e-13,1.9883674831885727e-15,8.419611188588712e-12,1.302004034243867e-14,1.211021070971557e-12
0.016461106146708898,1.4122474871105397e-07,3.162390173855186e-11,9.950258877911139e-14,1.4580185854075765e-15,2.655075083563585e-10,2.4061967084377785e-13,2.2289123255842633e-15,9.289911465490112e-12,1.4546022129870633e-14,1.3414043888434964e-12
0.01662031639102657,1.5238633101900295e-07,3.479724178016835e-11,1.1074679955372999e-13,1.635298880913651e-15,2.90817618719201e-10,2.673624328404648e-13,2.4980522870351223e-15,1.0248109252100863e-11,1.6247570878270898e-14,1.4855259992453598e-12
0.01678106650160048,1.643973816740733e-07,3.8281321094011477e-11,1.2323678653980325e-13,1.833763872159307e-15,3.1847659623796414e-10,2.970175160106403e-13,2.7991248671611704e-15,1.1302865452543353e-11,1.8144496591746385e-14,1.6448007984570087e-12
0.01694337137186979,1.7731989870060231e-07,4.210578297336939e-11,1.3710772598949555e-13,2.05589950725231e-15,3.4869622228851077e-10,3.2989532860794167e-13,3.135849668259806e-15,1.2463672117434125e-11,2.0258799140868437e-14,1.82078590216074e-12
0.017107246039321577,1.9122019666138554e-07,4.630302025654703e-11,1.5250914186870236e-13,2.304477937115435e-15,3.8170678538585113e-10,3.663386177769818e-13,3.5123712616094546e-15,1.3740929968877139e-11,2.261490514151786e-14,2.0151945737540445e-12
0.017272705686884042,2.0616919138086323e-07,5.090842272739794e-11,1.6960639345789898e-13,2.5825898096934854e-15,4.1775864418934876e-10,4.067257578487514e-13,3.933306760494272e-15,1.5146032937031262e-11,2.523992987311197e-14,2.2299114790878973e-12
0.01743976564433325,2.222427022930607e-07,5.596064605106089e-11,1.885823133783088e-13,2.8936801315027292e-15,4.571239176287181e-10,4.5147436441711515e-13,4.403798605083048e-15,1.669146032137341e-11,2.8163966818677906e-14,2.467009390174873e-12
0.01760844138971336,2.395217734240681e-07,6.150190405224839e-11,2.0963901085095877e-13,3.2415880817932242e-15,5.000983120630763e-10,5.010452655813124e-13,4.92957311720332e-15,1.839087724143025e-11,3.1420407668650673e-14,2.7287674713635776e-12
0.01777874855077071,2.580930140712012e-07,6.757828628907193e-11,2.3299985641198006e-13,3.630591205215632e-15,5.470030961224145e-10,5.559468646721776e-13,5.517005441354405e-15,2.0259244097574948e-11,3.50462959149863e-14,3.017691293371152e-12
0.017950702906401703,2.780489602957885e-07,7.424010303222956e-11,2.5891166585467995e-13,4.065454453676808e-15,5.981872346691848e-10,6.167399319782744e-13,6.173191552544527e-15,2.231293582281143e-11,3.90827174746501e-14,3.3365347334836048e-12
0.018124320388114703,2.994884584036767e-07,8.15422599282305e-11,2.8764710285871457e-13,4.551484597452367e-15,6.540296941618377e-10,6.840428664741035e-13,6.90602808229437e-15,2.456987177162677e-11,4.3575232124293955e-14,3.688323934256973e-12
0.01829961708150614,3.225170716472763e-07,8.954466480709e-11,3.195073216124078e-13,5.09459058005721e-15,7.149419326044959e-10,7.585374723527822e-13,7.724300792073954e-15,2.7049657162360114e-11,4.85743499039434e-14,4.076383508271541e-12
0.018476609227750757,3.472475114453562e-07,9.831266929051228e-11,3.5482487274918307e-13,5.7013504513549e-15,7.813705882324663e-10,8.409752993050259e-13,8.6377826092319e-15,2.977373706552369e-11,5.4136057059754825e-14,4.504365193006371e-12
0.018655313225106395,3.738000944818014e-07,1.0791754806698518e-10,3.9396689811871287e-13,6.379085579471334e-15,8.538003821152508e-10,9.321845999967456e-13,9.657342234906783e-15,3.2765564012510756e-11,6.032239654791273e-14,4.9762791778161204e-12
0.018835745630433283,4.0230322711248095e-07,1.184370189265008e-10,4.3733864231379863e-13,7.135942914858686e-15,9.327572509618485e-10,1.0330779631082963e-12,1.0795064437333264e-14,3.605078038763576e-11,6.720210861708361e-14,5.496528344420586e-12
0.019017923160728003,4.328939185800534e-07,1.2995580689093758e-10,4.853873114926726e-13,7.980986160006007e-15,1.0188117275915917e-09,1.1446606856463477e-12,1.2064383258280152e-14,3.9657416861909626e-11,7.485133752967764e-14,6.069945683380722e-12
0.01920186269467236,4.6571832461038065e-07,1.4256625603770024e-10,5.386063128930815e-13,8.924296786525502e-15,1.1125825877930708e-09,1.268039954059555e-12,1.3480229486117376e-14,4.3616108229949886e-11,8.335441107680118e-14,6.701835171871926e-12
0.019387581274197128,5.009323230409154e-07,1.5636899289523818e-10,5.975399115492865e-13,9.977085938459539e-15,1.2147407836378703e-09,1.4044349100232923e-12,1.5059193887290082e-14,4.796032812242937e-11,9.280470019305416e-14,7.398016422804601e-12
0.019575096106061014,5.387021232116136e-07,1.714736455911074e-10,6.627883441193045e-13,1.1151818367513705e-14,1.3260136847518512e-09,1.5551876836500894e-12,1.681970784001749e-14,5.27266441861837e-11,1.0330556669045733e-13,8.164873442153634e-12
0.019764424563444846,5.792049109320355e-07,1.8799962325750264e-10,7.350134334307635e-13,1.246234966348388e-14,1.447189650577925e-09,1.7217754843777282e-12,1.8782243181128614e-14,5.795499545306749e-11,1.1497140791140417e-13,9.009407860391744e-12
0.019955584187561187,6.226295309250804e-07,2.0607696054749382e-10,8.149447513872905e-13,1.3924078172441599e-14,1.5791229582999515e-09,1.9058238479371273e-12,2.096953326057624e-14,6.368899375763623e-11,1.2792880795491293e-13,9.939297035364226e-12
0.020148592689279567,6.691772087378656e-07,2.2584723248903764e-10,9.033863822709535e-13,1.5554113137417356e-14,1.7227391128403488e-09,2.109121146663368e-12,2.3406817399900616e-14,6.997625121341354e-11,1.423178060652203e-13,1.0962957457978803e-11
0.020343467950767316,7.190623142039462e-07,2.47464545305024e-10,1.0012243432618022e-12,1.7371460752615317e-14,1.879040567203796e-09,2.333634480042804e-12,2.6122111172472375e-14,7.686873591869886e-11,1.5829329379430128e-13,1.2089613928922497e-11
0.020540228027146386,7.725131686385317e-07,2.7109660925814547e-10,1.1094347242060388e-12,1.939722999396947e-14,2.049112883421915e-09,2.581527072854032e-12,2.914650516664762e-14,8.442315823641316e-11,1.7602655366823026e-13,1.3329375014476228e-11
0.02073889114816614,8.297728980494076e-07,2.969259000410146e-10,1.2290926143365658e-12,2.1654860277596265e-14,2.234131366466521e-09,2.855177319626916e-12,3.2514495160057533e-14,9.270139017923311e-11,1.9570695330991118e-13,1.469331533261653e-11
0.020939475719892343,8.911003347512314e-07,3.2515091572708235e-10,1.361381889822574e-12,2.4170373205038097e-14,2.4353682057499486e-09,3.157199626489958e-12,3.626434692638924e-14,1.0177092063222845e-10,2.1754381030722195e-13,1.6193565267215434e-11
0.021142000326412447,9.56770969879995e-07,3.559875368286947e-10,1.507605942741374e-12,2.697265088190955e-14,2.654200161228943e-09,3.490467214879154e-12,4.0438499217678134e-14,1.1170534936139524e-10,2.417684445761464e-13,1.784340875857198e-11
0.021346483731557453,1.0270779594173726e-06,3.8967049757744427e-10,1.6691994393715259e-12,3.009374354658336e-14,2.8921168336821853e-09,3.858137066132527e-12,4.5084008817999736e-14,1.2258492298892388e-10,2.6863643656413553e-13,1.965738987298992e-11
0.021552944880640315,1.1023331864518096e-06,4.264549771513465e-10,1.847741203651348e-12,3.3569209520015505e-14,3.1507295614486555e-09,4.2636772017823204e-12,5.025304195141107e-14,1.3449711636598062e-10,2.9843011138184764e-13,2.1651428913008797e-11
0.02176140290221125,1.1828683825248072e-06,4.66618320226318e-10,2.0449683302849516e-12,3.7438490789023085e-14,3.4317809888079723e-09,4.710896511489519e-12,5.6003416751378607e-14,1.47537263042423e-10,3.3146127085475436e-13,2.3842948893496378e-11
0.02197187710982998,1.2690363110366055e-06,5.104618969283425e-10,2.2627916413668505e-12,4.1745327865814426e-14,3.737155354260498e-09,5.203977359144064e-12,6.239920196402852e-14,1.6180923882149095e-10,3.680741975639844e-13,2.6251013277530763e-11
0.022184387003855124,1.361212015815646e-06,5.583131130112309e-10,2.503312610599071e-12,4.6538217929092185e-14,4.068889550238554e-09,5.7475112178045545e-12,6.951137756736933e-14,1.7742620269763937e-10,4.086489572135961e-13,2.889647594017054e-11
0.022398952273250932,1.4597941380911154e-06,6.105275818855788e-10,2.7688418902582863e-12,5.187092064962573e-14,4.4291850092605e-09,6.346537605993136e-12,7.741856354719824e-14,1.9451139980863553e-10,4.5360502813639184e-13,3.1802144408302405e-11
0.0226155927974114,1.5652063052471369e-06,6.674914709817496e-10,3.06191958811012e-12,5.78030165390544e-14,4.8204204752394174e-09,7.0065866215360156e-12,8.620782368221282e-14,2.1319903139065477e-10,5.034052894501177e-13,3.4992957511174685e-11
0.022834328648002146,1.6778985948815633e-06,7.296240358461256e-10,3.385337454538956e-12,6.440052313850327e-14,5.245165722589372e-09,7.733725394793915e-12,9.597555186096576e-14,2.336351971088519e-10,5.585604023203468e-13,3.8496178669471055e-11
0.023055180090819995,1.798349077840937e-06,7.973803563502027e-10,3.742163154352504e-12,7.173657488716504e-14,5.7061962899481075e-09,8.534608810911955e-12,1.068284491868648e-13,2.559789155476818e-10,6.196336219971569e-13,4.2341606151357724e-11
0.02327816758767063,1.9270654440572426e-06,8.712542904398607e-10,4.13576681312195e-12,7.989217308465758e-14,6.206509299772769e-09,9.416534880816019e-12,1.1888460093051195e-13,2.8040322908715987e-10,6.872460817925032e-13,4.656180173238244e-11
0.023503311798264384,2.0645867151708087e-06,9.517816619722889e-10,4.569850044628161e-12,8.895701298930765e-14,6.749340439771607e-09,1.0387505173267788e-11,1.322746632674394e-13,3.0709639986489674e-10,7.620825939799777e-13,5.1192339313041895e-11
0.023730633582130303,2.211485048087464e-06,1.0395437003842807e-09,5.0484776841113555e-12,9.903039578254605e-14,7.338182187135957e-09,1.1456290755555676e-11,1.4714317070074435e-13,3.362632040320262e-10,8.44898016754337e-13,5.6272075173839824e-11
0.023960154000548815,2.3683676337868456e-06,1.1351707512140699e-09,5.576112471678955e-12,1.1022223388294657e-13,7.976803361837894e-09,1.2632504128574483e-11,1.6364997611983372e-13,3.6812633205547164e-10,9.36524240915735e-13,6.184344168344443e-11
0.02419189431850303,2.535878695873189e-06,1.2393462778635565e-09,6.15765295153887e-12,1.226541589178655e-13,8.66927010088781e-09,1.3926677683333461e-11,1.819718365964206e-13,4.0292790340277157e-10,1.0378778548737607e-12,6.795276642182083e-11
0.024425876006648944,2.7147015935388296e-06,1.3528111764446858e-09,6.7984748758265515e-12,1.364607425629113e-13,9.419968351408154e-09,1.5350349250600915e-11,2.023041592762568e-13,4.4093110457076834e-10,1.1499685519343933e-12,7.465061883774013e-11
0.0246621207433047,2.9055610337953273e-06,1.4763684271089806e-09,7.504476426826006e-12,1.517908414464684e-13,1.0233627986707791e-08,1.6916155363683923e-11,2.2486292309921575e-13,4.824219600891203e-10,1.2739083496756432e-12,8.199218672964383e-11
0.02490065041645905,3.109225398017061e-06,1.6108881069179745e-09,8.282127598507139e-12,1.688090783959981e-13,1.111534865624144e-08,1.8637932906556e-11,2.4988679358204455e-13,5.277112468465135e-10,1.4109216975761839e-12,9.003768502138728e-11
0.025141487125799267,3.326509188037333e-06,1.7573127910822157e-09,9.138524107669967e-12,1.8769747348329536e-13,1.2070627487439165e-08,2.0530829875964497e-11,2.776394495384238e-13,5.771365628549227e-10,1.5623565559782686e-12,9.885279950082689e-11
0.0253846531847587,3.5582755972375116e-06,1.9166633712830847e-09,1.0081446236796639e-11,2.0865723961623624e-13,1.3105388764913798e-08,2.261142604712685e-11,3.0841214240282987e-13,6.31064562388551e-10,1.7296965369908487e-12,1.085091684004942e-10
0.02563017112258408,3.805439212276084e-06,2.0900453218036107e-09,1.1119423045136174e-11,2.3191075883493033e-13,1.4226015720515184e-08,2.4897864398467235e-11,3.4252651078095396e-13,6.898933703127722e-10,1.9145742061188073e-12,1.19084904926897e-10
0.025878063686422884,4.068968851315317e-06,2.2786554463377756e-09,1.2261802421813586e-11,2.5770375701107604e-13,1.543938457612798e-08,2.7409994221979167e-11,3.8033767498513674e-13,7.540551893579225e-10,2.1187856523001054e-12,1.306651640893146e-10
0.026128353843430797,4.349890544820914e-06,2.483789140631952e-09,1.3518827495064217e-11,2.8630769633271733e-13,1.6752900990030534e-08,3.016952692257063e-11,4.222376386442565e-13,8.240191150978905e-10,2.3443064436971823e-12,1.4334275744161573e-10
0.026381064782899644,4.649290665231401e-06,2.706848208544578e-09,1.4901719955307108e-11,3.180224067950122e-13,1.8174539067062865e-08,3.320020559263784e-11,4.686590270204597e-13,9.002941744671924e-10,2.5933090970939593e-12,1.5721881963290388e-10
0.026636219918405868,4.968319212022651e-06,2.94934927170021e-09,1.6422770896930404e-11,3.531789799247452e-13,1.971288310283139e-08,3.6527989537524785e-11,5.200791944397165e-13,9.834326047983395e-10,2.868182200158364e-12,1.7240353096603382e-10
0.026893842889979775,5.308193258925088e-06,3.2129328156713553e-09,1.809543983464116e-11,3.921429501574304e-13,2.1377172242719983e-08,4.0181255024024825e-11,5.770247362683573e-13,1.074033391587086e-09,3.1715513382222936e-12,1.8901690048869516e-10
0.027153957566295777,5.670200570289867e-06,3.4993729185554373e-09,1.9934462605343393e-11,4.3531779167693023e-13,2.3177348247626017e-08,4.419101362810823e-11,6.400764441666452e-13,1.1727460845033057e-09,3.506301990683979e-12,2.0718961449154927e-10
0.027416588046883864,6.0557033938445e-06,3.81058771093557e-09,2.1955968926053986e-11,4.83148761136259e-13,2.5124106570110528e-08,4.8591149670266894e-11,7.098747469462555e-13,1.2802749125631392e-09,3.875604576742069e-12,2.270639556632494e-10
0.02768175866436233,6.466142437326248e-06,4.148650619533231e-09,2.4177610442687652e-11,5.361271195236426e-13,2.722895095708859e-08,5.3418678347779217e-11,7.871256832763771e-13,1.3973832208708668e-09,4.282941846017658e-12,2.4879479855509084e-10
0.02794949398669224,6.903041036736236e-06,4.515802450390873e-09,2.6618700174024577e-11,5.94794769541152e-13,2.950425180831487e-08,5.871402630354445e-11,8.726074567532042e-13,1.5248982529318478e-09,4.732138826815204e-12,2.7255068744023823e-10
0.028219818819453634,7.3680095242165125e-06,4.914464371173856e-09,2.9300364330175845e-11,6.597493482459523e-13,3.196330853377603e-08,6.452133651152736e-11,9.671776284965138e-13,1.6637163042371121e-09,5.2273955634216105e-12,2.985150031161643e-10
0.028492758208143724,7.862749803815572e-06,5.347251856166921e-09,3.224570756584511e-11,7.316498183916484e-13,3.462041616771725e-08,7.088879951007918e-11,1.0717810075011528e-12,1.8148082746320334e-09,5.773322894064866e-12,3.2688722569594395e-10
0.02876833744049743,8.389060143677264e-06,5.8169896617759484e-09,3.54799928160501e-11,8.112226059250157e-13,3.7490936512460605e-08,7.786901317726062e-11,1.1874583044837599e-12,1.9792256489147703e-09,6.374981543077478e-12,3.5788430096713527e-10
0.029046582048830184,8.948840193460452e-06,6.326727904840978e-09,3.903083695625506e-11,8.992683354706814e-13,4.0591374101419334e-08,8.551937341757924e-11,1.315355620964263e-12,2.158106937168416e-09,7.037924824569012e-12,3.9174211846791423e-10
0.02932751781240353,9.544096236076283e-06,6.879759320843527e-09,4.292842363053815e-11,9.96669220403544e-13,4.393945728786429e-08,9.390249831822013e-11,1.4567348518511403e-12,2.3526846085267647e-09,7.768245280659265e-12,4.287171100422693e-10
0.02961117075981358,1.0176946683110525e-05,7.479637784153747e-09,4.720573470106577e-11,1.1043971692996928e-12,4.755422478404726e-08,1.0308668853586044e-10,1.612985086900654e-12,2.5642925544107165e-09,8.572625605210349e-12,4.690879782913449e-10
0.029897567171402517,1.0849627823585221e-05,8.130198177842716e-09,5.1898801890339325e-11,1.223522676207525e-12,5.145611799431221e-08,1.1314642689346121e-10,1.7856351041447909e-12,2.7943741197626586e-09,9.45839423420013e-12,5.131575650399406e-10
0.030186733581693524,1.1564499836004846e-05,8.835577706285477e-09,5.7046980315077575e-11,1.3552245683304788e-12,5.566707950586373e-08,1.2416292040129224e-10,1.976367056781159e-12,3.044490743456818e-09,1.043358601658173e-11,5.61254870688505e-10
0.03047869678184911,1.2324053073924781e-05,9.60023874982538e-09,6.269324574784754e-11,1.5008006914043371e-12,6.021065812193239e-08,1.3622468816881455e-10,2.1870314641469245e-12,3.3163312518852553e-09,1.1507008414867597e-11,6.137372361251834e-10
0.03077348382215336,1.3130914635577337e-05,1.0428993367181945e-08,6.888451759040053e-11,1.6616796203307074e-12,6.511212084428634e-08,1.4942819894540008e-10,2.419663627321298e-12,3.6117218527212867e-09,1.2688313722984431e-11,6.709926997326343e-10
0.03107112201451813,1.3987855228391801e-05,1.132702955807336e-08,7.567200970188603e-11,1.8394334905438106e-12,7.039857223535405e-08,1.6387856231936913e-10,2.6765016006792763e-12,3.9326368790555e-09,1.39880778303808e-11,7.334425429447343e-10
0.03137163893501344,1.4897796339546353e-05,1.229993940572207e-08,8.311161139653315e-11,2.035792054193758e-12,7.609908161479907e-08,1.7969027791796583e-10,2.960005862429286e-12,4.281210337495833e-09,1.5417886106198205e-11,8.015440387924342e-10
0.031675062426422484,1.5863817723996413e-05,1.3353749226529487e-08,9.126430110986659e-11,2.252658074584158e-12,8.224481857116052e-08,1.9698804728720326e-10,3.272880839881932e-12,4.65974831743322e-09,1.6990427025771014e-11,8.757934189297205e-10
0.03198142060082114,1.6889165221730144e-05,1.4494951862274016e-08,1.0019659543105804e-10,2.4921241824662797e-12,8.886919729631408e-08,2.1590765349158684e-10,3.618098459000802e-12,5.0707423225118404e-09,1.87195942141272e-11,9.567290757552134e-10
0.03229074184218261,1.7977258916312158e-05,1.5730541258725208e-08,1.0998103641253382e-10,2.756491328836519e-12,9.600803027896474e-08,2.36596913861181e-10,3.998923902769933e-12,5.516883589418441e-09,2.0620597637770157e-11,1.0449350174460245e-09
0.03260305480900719,1.913170164708698e-05,1.706804948360003e-08,1.2069672029766544e-10,3.048288980877944e-12,1.0369969192333009e-07,2.5921671172946735e-10,4.4189437791704325e-12,6.0010784634376024e-09,2.2710084737218612e-11,1.1410445950036701e-09
0.0329183884369774,2.035628788772109e-05,1.8515586346340786e-08,1.3242987105425885e-10,3.370297220710867e-12,1.1198529269053156e-07,2.839421134513402e-10,4.882096917194692e-12,6.526464904814913e-09,2.5006272358849108e-11,1.2457445217817063e-09
0.033236771941638946,2.1655013004081104e-05,2.0081881792304596e-08,1.4527446236699017e-10,3.725570920758024e-12,1.209088643932015e-07,3.1096357746921466e-10,5.3927080284585104e-12,7.0964302048529555e-09,2.7529090415970708e-11,1.3597792074276127e-09
0.033558234821107535,2.3032082904749535e-05,2.1776331254623824e-08,1.5933289202714114e-10,4.1174661848727436e-12,1.3051755730835447e-07,3.4048826270795723e-10,5.955524492707727e-12,7.714629995842982e-09,3.0300338286096463e-11,1.483955429732262e-09
0.03388280685880177,2.4491924097792675e-05,2.3609044158293187e-08,1.7471671296437907e-10,4.549669261031304e-12,1.408618498098159e-07,3.7274144412930775e-10,6.575756548004144e-12,8.385008644430574e-09,3.334385503454234e-11,1.6191473695455155e-09
0.03421051812620265,2.6039194167707543e-05,2.559089578295692e-08,1.9154742549441043e-10,5.02622814944993e-12,1.5199577125952785e-07,4.0796804386550304e-10,7.259121190737154e-12,9.111821123840828e-09,3.6685704644225884e-11,1.76630203569316e-09
0.034541398985639654,2.767879268677603e-05,2.7733582703458822e-08,2.099573357096514e-10,5.5515871495742465e-12,1.639771389368317e-07,4.46434286983052e-10,8.011890117009278e-12,9.899656466565997e-09,4.0354377528339245e-11,1.926445108724033e-09
0.03487548009310382,2.9415872575362946e-05,3.004968204051277e-08,2.3009048531934095e-10,6.130624610626118e-12,1.768678098265442e-07,4.884294916034502e-10,8.84094206553648e-12,1.0753462905669093e-08,4.4381009706972355e-11,2.1006872343355025e-09
0.03521279240108801,3.125585192599745e-05,3.255271476788e-08,2.5210365865254264e-10,6.768694173411013e-12,1.9073394813034044e-07,5.342680038314811e-10,9.753819953172815e-12,1.1678574819793461e-08,4.879962114133988e-11,2.2902307994773303e-09
0.03555336716145462,3.3204426306368044e-05,3.525721333723149e-08,2.7616747297407825e-10,7.471669816031283e-12,2.0564630941161174e-07,5.842912887162373e-10,1.0758793227686132e-11,1.2680741604318975e-08,5.364737484059883e-11,2.496377226425605e-09
0.03589723592833107,3.526758155666447e-05,3.817879389749734e-08,3.024675587318509e-10,8.245995043177384e-12,2.2168054233186083e-07,6.38870189299177e-10,1.1864925898703112e-11,1.3766158598888276e-08,5.896485848702105e-11,2.7205348225611454e-09
0.03624443056103328,3.7451607096976157e-05,4.1334233401943255e-08,3.3120583685609237e-10,9.098736587934864e-12,2.3891750898667335e-07,6.984073666902219e-10,1.3082150746996946e-11,1.4941500209766222e-08,6.47963904661375e-11,2.9642272261851837e-09
0.03659498322701742,3.976310976074879e-05,4.4741551913577606e-08,3.6260190076947174e-10,1.0037643026740969e-11,2.5744362490163483e-07,7.633399350613171e-10,1.4421350254765826e-11,1.6213955374212712e-08,7.119035234024572e-11,3.2291024914733903e-09
0.03694892640486027,4.220902817056411e-05,4.842010043775647e-08,3.968945113437659e-10,1.1071208742429801e-11,2.77351219803201e-07,8.34142306461074e-10,1.5894444845483964e-11,1.7591265523274727e-08,7.819954996701244e-11,3.516942858613283e-09
0.03730629288726824,4.4796647672784534e-05,5.2390654630104194e-08,4.343432136569109e-10,1.2208743707438544e-11,2.987389203366697e-07,9.113292614380563e-10,1.751448907156917e-11,1.9081765209158322e-08,8.588160564083278e-11,3.829675258303244e-09
0.037667115784115676,4.753361584785293e-05,5.667551474814375e-08,4.75230085066278e-10,1.346044959942264e-11,3.217120559630244e-07,9.954592626183544e-10,1.9295776441799703e-11,2.069442557365593e-08,9.429938382386319e-11,4.169382603122523e-09
0.038031428525512466,5.04279586132908e-05,6.12986122363575e-08,5.19861624822695e-10,1.483750280498107e-11,3.4638308932869076e-07,1.0871380296209624e-09,2.125395363842268e-11,2.243890084500441e-08,1.0352145323733943e-10,4.538315921824372e-09
0.03839926486490131,5.348809693667246e-05,6.628562335684283e-08,5.685707962086999e-10,1.6352144914191732e-11,3.728720724671713e-07,1.1870223950153557e-09,2.3406144936575934e-11,2.432557806206761e-08,1.1362258830281476e-10,4.938907396368702e-09
0.03877065888218503,5.6722864176077916e-05,7.166409030135466e-08,6.217192329963502e-10,1.8017781359465945e-11,4.0130713025938743e-07,1.2958244624373673e-09,2.5771087706347564e-11,2.636563023690708e-08,1.2468431315857347e-10,5.373784365511899e-09
0.03914564498688396,6.014152406574009e-05,7.746355024533832e-08,6.796996228889935e-10,1.984908890714301e-11,4.3182497265012436e-07,1.4143160894850316e-09,2.8369279950889824e-11,2.8571073179643897e-08,1.3679549172970203e-10,5.845784363020257e-09
0.03952425792132401,6.375378936479657e-05,8.371567283066257e-08,7.429382815402448e-10,2.1862132769594443e-11,4.645714371916409e-07,1.5433337196232406e-09,3.122314091293296e-11,3.0954826223083404e-08,1.5005296760247716e-10,6.357971263087113e-09
0.03990653276385559,6.756984118724588e-05,9.045440659118392e-08,8.118979317374906e-10,2.4074494169709877e-11,4.997020635622728e-07,1.6837835890409104e-09,3.4357185867201163e-11,3.3530777098878824e-08,1.645622577462482e-10,6.913652610323052e-09
0.040292504932103505,7.160034903136595e-05,9.771613486408218e-08,8.870807033990169e-10,2.6505409258875647e-11,5.373827017877402e-07,1.836647336232026e-09,3.779821630813818e-11,3.631385123210581e-08,1.8043830444008617e-10,7.516398216775617e-09
0.04068221018624852,7.585649152700736e-05,1.0553984176014433e-07,9.690313711693435e-10,2.917592036431328e-11,5.777901559759602e-07,2.0029880440219423e-09,4.157552684147846e-11,3.932008573704223e-08,1.978062900989041e-10,8.170060113826348e-09
0.041075684632340376,8.034997791930453e-05,1.1396728879793207e-07,1.058340847609814e-09,3.210904062234361e-11,6.211128654629029e-07,2.1839567458376695e-09,4.572113019508994e-11,4.2566708413721444e-08,2.1680252005594737e-10,8.8787939525366e-09
0.0414729647256431,8.509307030745034e-05,1.2304320284008033e-07,1.1556499512769686e-09,3.532993314122675e-11,6.675516253567628e-07,2.3807994302351253e-09,5.027000187977157e-11,4.6072222062522435e-08,2.375753787473108e-10,9.647081952080464e-09
0.041874087274012546,9.009860665728242e-05,1.3281547600492038e-07,1.261653470364431e-09,3.88661059311857e-11,7.173203485615994e-07,2.594864580054096e-09,5.5260346154915714e-11,4.985649445268051e-08,2.6028636516133887e-10,1.047975750233314e-08
0.042279089441306636,9.538002460648098e-05,1.4333537826325048e-07,1.3771045440603441e-09,4.2747623940562465e-11,7.706468714585648e-07,2.8276112850843155e-09,6.073388508778367e-11,5.394085430023573e-08,2.8511121386324704e-10,1.1382031533498268e-08
0.04268800875082853,0.00010095138608122662,1.546577834685012e-07,1.5028193853480805e-09,4.700733964632898e-11,8.277738055240623e-07,3.0806179697984007e-09,6.673617263935725e-11,5.834819363158243e-08,3.122411083852096e-10,1.2359520772876892e-08
0.04310088308880327,0.00010682740274318917,1.668414096087704e-07,1.6396823706591226e-09,5.16811437649962e-11,8.889594372689054e-07,3.355591780554677e-09,7.331693586500795e-11,6.310307693053178e-08,3.4188399428676256e-10,1.3418278016526679e-08
0.04351775070788777,0.000113023462285693,1.7994907411135603e-07,1.788651523579584e-09,5.680823777690944e-11,9.54478678991437e-07,3.654378679699251e-09,8.053044548545924e-11,6.823185748967001e-08,3.7426599974182463e-10,1.4564824551652483e-08
0.04393865023071502,0.00011955565559788203,1.9404796507454183e-07,1.9507644217239526e-09,6.243143009374112e-11,1.0246240729504726e-06,3.9789742972194296e-09,8.843591826347137e-11,7.376280141085405e-08,4.0963297209968157e-10,1.5806184874138344e-08
0.044363620653472394,0.00012644080481562724,2.0920992934758096e-07,2.12714455792704e-09,6.859745784633499e-11,1.0997068516809954e-06,4.33153559402291e-09,9.709795381537987e-11,7.972621972497413e-08,4.482521395003897e-10,1.7149923854691842e-08
0.04479270134951466,0.00013369649227782532,2.255117784281642e-07,2.3190081890769196e-09,7.535733642876234e-11,1.1800580572967137e-06,4.714393394560397e-09,1.0658700869500009e-10,8.615460912769458e-08,4.904139073030154e-10,1.860418651666195e-08
0.045225932073011975,0.00014134109040660282,2.430356131971509e-07,2.52767170822509e-09,8.27667391052971e-11,1.2660297227495296e-06,5.1300658503774315e-09,1.1697991081149565e-10,9.308280185582823e-08,5.364337998112141e-10,2.017774059872533e-08
0.04566335296263295,0.00014939379252977122,2.6186916856322995e-07,2.7545595780735284e-09,9.088640917089163e-11,1.3579961181456328e-06,5.581272900291091e-09,1.2836041748381552e-10,1.0054812525830125e-07,5.86654558557509e-10,2.1880022086351295e-08
0.04610500454526359,0.00015787464466367518,2.821061791453744e-07,3.0012128665623685e-09,9.978260735363824e-11,1.4563550653531358e-06,6.07095179725579e-09,1.4081982069334688e-10,1.0859057164649695e-07,6.414484092394305e-10,2.3721183907281752e-08
0.046550927739762056,0.0001668045782743422,3.038467671785984e-07,3.2692984280736987e-09,1.0952759736052488e-10,1.5615293242748123e-06,6.6022737766157105e-09,1.544576033748066e-10,1.1725297904106225e-07,7.012195102897528e-10,2.5712147998218415e-08
0.04700116386074979,0.00017620544403454597,3.271978538888327e-07,3.5606187767380513e-09,1.2020017269676696e-10,1.6739680543040848e-06,7.1786619453641654e-09,1.6938215088453605e-10,1.265812234661895e-07,7.664065970149645e-10,2.786466096254324e-08
0.04745575462243934,0.00018610004659409032,3.52273595645531e-07,3.877122701491706e-09,1.3188622813506253e-10,1.7941483546306336e-06,7.803810477250625e-09,1.8571152210656047e-10,1.3662442347793044e-07,8.374858362526526e-10,3.0191353552231176e-08
0.04791474214249908,0.00019651218038024422,3.791958462662506e-07,4.220916675893285e-09,1.4467937947576239e-10,1.922576887216022e-06,8.481705204117078e-09,2.0357428500185191e-10,1.4743515765041194e-07,9.149739075861718e-10,3.27058042211888e-08
0.048378168945955466,0.00020746666644486192,4.080946469158907e-07,4.594277119282613e-09,1.5868163552318327e-10,2.0597915864182263e-06,9.216645699718183e-09,2.2311042177648276e-10,1.590696957828861e-07,9.994313283164497e-10,3.5422607012093085e-08
0.048846077969132935,0.0002189893903742629,4.3910874511458706e-07,4.999663569663074e-09,1.7400412650875667e-10,2.206363459407621e-06,1.0013268958509914e-08,2.44472309241887e-10,1.7158824463147847e-07,1.0914660406320744e-09,3.835744405447047e-08
0.049318512563631935,0.00023110734127742698,4.72386144442569e-07,5.439732832722986e-09,1.907678935197135e-10,2.3628984816854125e-06,1.0876574778490146e-08,2.6782578036682933e-10,1.850552090123929e-07,1.1917372807439784e-09,4.1527162968255926e-08
0.0497955165003455,0.00024384865186756073,5.080846866078058e-07,5.917354175700626e-09,2.0910474384426643e-10,2.5300395921899573e-06,1.1811952964171625e-08,2.933512734782365e-10,1.9953946916820336e-07,1.3009597511666069e-09,4.4949859484476634e-08
0.05027713397351451,0.00025724263965141227,5.463726676228348e-07,6.435625639347349e-09,2.2915817752225368e-10,2.70846879265514e-06,1.2825212473171992e-08,3.212450760583783e-10,2.1511467533583942e-07,1.4199081188376533e-09,4.864496561303198e-08
0.050763409604822306,0.00027131984924014246,5.874294899211309e-07,6.997891546077157e-09,2.510843907960425e-10,2.8989093560691386e-06,1.3922612637753415e-08,3.5172067061195885e-10,2.3185956050398093e-07,1.549421863380202e-09,5.263334370685367e-08
0.05125438844752892,0.0002861120957947815,6.314463523307042e-07,7.607761287518352e-09,2.750533625917027e-10,3.1021281492722388e-06,1.5110896600946363e-08,3.8501019064014594e-10,2.498582723990206e-07,1.6904105015311098e-09,5.693738679205799e-08
0.05175011599064518,0.0003016525096185889,6.786269799134199e-07,8.26912948012408e-09,3.012500306274129e-10,3.3189380749268357e-06,1.63973271156786e-08,4.2136599536252174e-10,2.692007257923904e-07,1.8438592155921678e-09,6.158112555509428e-08
0.05225063816314726,0.00031797558190777155,7.291883957729639e-07,8.986197583269597e-09,3.298755642465664e-10,3.5502006382934756e-06,1.7789724864627063e-08,4.6106237247477175e-10,2.899829762781966e-07,2.010834915716711e-09,6.65903424004213e-08
0.05275600133823208,0.0003351172116711834,7.833617370324086e-07,9.763497080381186e-09,3.6114874160987805e-10,3.7968286444524434e-06,1.9296509468341907e-08,5.043973789227139e-10,3.1230761672875803e-07,2.1924927679270513e-09,7.199269301591311e-08
0.0532662523376136,0.0003531147538286319,8.413931172842882e-07,1.0605914330127809e-08,3.9530743945565976e-10,4.059789031821655e-06,2.092674335958132e-08,5.51694830414733e-10,3.362841976967656e-07,2.390083221979244e-09,7.78178359080973e-08
0.05378143843586094,0.00037200706849647546,9.035445379218707e-07,1.1518717201578831e-08,4.326102442538491e-10,4.340105848038889e-06,2.2690178712786044e-08,6.033064511886171e-10,3.620296730967224e-07,2.604959575555885e-09,8.409757039551909e-08
0.05430160736477834,0.00039183457146809694,9.700948508699056e-07,1.2507583614509598e-08,4.733381942391287e-10,4.6388633744971364e-06,2.459730762922429e-08,6.596141963978876e-10,3.896688725649309e-07,2.8385861137874665e-09,9.086598357600241e-08
0.05482680731782747,0.0004126392858957118,1.0413407753472535e-06,1.3578632113746745e-08,5.177966625153282e-10,4.957209406050966e-06,2.6659415790595298e-08,7.210327603913197e-10,4.193350019667993e-07,3.0925468657828917e-09,9.815960681248929e-08
0.05535708695459261,0.00043446489517879163,1.1175979714115028e-06,1.473845461460448e-08,5.663173921796395e-10,5.2963586926435116e-06,2.8888639806826304e-08,7.880122851306983e-10,4.511701735926094e-07,3.368555022704702e-09,1.0601758231245355e-07
0.05589249540528883,0.00045735679706310314,1.1992021731581928e-06,1.5994151465101972e-08,6.192606952249307e-10,5.657596549842136e-06,3.129802849745565e-08,8.610412840306879e-10,4.853259676584868e-07,3.668463064959723e-09,1.1448184040774425e-07
0.05643308227531394,0.0004813621589530606,1.2865103845738683e-06,1.7353368979789624e-08,6.770178278445695e-10,6.04228264551468e-06,3.3901608360414566e-08,9.406497976145443e-10,5.219640268078433e-07,3.994273649307123e-09,1.2359728817510495e-07
0.05697889764984443,0.000506529974438653,1.3799021411732559e-06,1.882433960967314e-08,7.400135556905311e-10,6.451854970126898e-06,3.671445349722018e-08,1.0274127985655726e-09,5.612566853903938e-07,4.348151310118533e-09,1.3341201007266027e-07
0.05752999209847579,0.0005329111210367791,1.479780840686671e-06,2.0415924922949262e-08,8.08708923626574e-10,6.88783399839437e-06,3.975276027963452e-08,1.1219538650213137e-09,6.033876353811156e-07,4.7324350326768514e-09,1.439774813044215e-07
0.05808641667990791,0.0005605584191452718,1.5865751462039713e-06,2.213766158206378e-08,8.836042455769305e-10,7.351827050283197e-06,4.303392705974622e-08,1.2249491423101704e-09,6.485526308900868e-07,5.149651760280096e-09,1.5534879466334402e-07
0.058648222946675425,0.00058952669220623,1.7007404653264433e-06,2.3999810514013936e-08,9.65242331202941e-10,7.84553285961517e-06,4.657663924323561e-08,1.3371316147747819e-09,6.9696023330618e-07,5.602530901037947e-09,1.675849016438452e-07
0.0592154629499242,0.0006198728280736978,1.8227605090280679e-06,2.6013409482879276e-08,1.0542119673494043e-09,8.370746358803844e-06,5.0400960064365494e-08,1.4592957108680037e-09,7.488325992135653e-07,6.0940199046276714e-09,1.807488686569453e-07
0.05978818924423379,0.0006516558415788619,1.9531489340821637e-06,2.819032928629057e-08,1.1511516734936849e-09,8.929363688519337e-06,5.452842742098592e-08,1.59230226635214e-09,8.044063133192189e-07,6.627300983924047e-09,1.949081492254471e-07
0.06036645489248662,0.0006849369382841728,2.0924510730691934e-06,3.0543333810984126e-08,1.2567537518099442e-09,9.523387441359211e-06,5.898215714865625e-08,1.7370838721865124e-09,8.639332687331568e-07,7.205809061351426e-09,2.101348730828628e-07
0.06095031347078429,0.0007197795794158855,2.2412457561465848e-06,3.308614419677822e-08,1.3717686539331138e-09,1.0154932148883168e-05,6.378695313487461e-08,1.8946506355595624e-09,9.276815970501494e-07,7.83325102504346e-09,2.2650615314829393e-07
0.06153981907341127,0.0007562495479624566,2.400147228930731e-06,3.583350737325888e-08,1.4970096880779688e-09,1.0826230021656485e-05,6.896942469743965e-08,2.0660963845156726e-09,9.959366507931058e-07,8.513626385447914e-09,2.441044114000652e-07
0.062135026317846793,0.0007944150159243052,2.5698071710171573e-06,3.8801269249252416e-08,1.6333580918454912e-09,1.1539636952236898e-05,7.455811167520205e-08,2.2526053487535558e-09,1.069002040893584e-06,9.251249428906658e-09,2.6301772472398827e-07
0.06273599034982512,0.0008343466126982035,2.7509168198445934e-06,4.200645285178429e-08,1.7817684978358156e-09,1.2297638791333654e-05,8.058361770491578e-08,2.4554593514363184e-09,1.1472007320045358e-06,1.0050772970984291e-08,2.833401918673798e-07
0.0633427668484448,0.0008761174945773913,2.944209204794368e-06,4.54673417287651e-08,1.943274821093833e-09,1.3102857907662836e-05,8.707875218466971e-08,2.6760455492669396e-09,1.230876198564156e-06,1.091721381893569e-08,3.0517232268787353e-07
0.06395541203132724,0.0009198034153462358,3.1504614966076596e-06,4.920356894811129e-08,2.1189965994453783e-09,1.395806004232593e-05,9.407868145250874e-08,2.9158647606507955e-09,1.3203936446582733e-06,1.1855980059719056e-08,3.286214509464141e-07
0.06457398265982542,0.0009654827979458994,3.3704974773993674e-06,5.323621204545518e-08,2.3101458199473445e-09,1.4866161468839113e-05,1.0162108973836304e-07,3.176540424500994e-09,1.4161412908613382e-06,1.2872900297383474e-08,3.5380217195682636e-07
0.0651985360442826,0.0010132368071850096,3.6051901367486564e-06,5.758789429309262e-08,2.518034266981881e-09,1.5830236470247435e-05,1.0974635047843e-07,3.459828235152898e-09,1.5185317313733867e-06,1.397425497152919e-08,3.808368064701723e-07
0.06582913004934224,0.0010631494234668495,3.855464399553868e-06,6.228289268435962e-08,2.7440814299822804e-09,1.6853525145064024e-05,1.1849770861366729e-07,3.767626501948906e-09,1.6280033649127225e-06,1.5166809896858633e-08,4.0985589224065997e-07
0.06646582309930905,0.0011153075175020402,4.122299991551472e-06,6.734725305032067e-08,2.9898230113939576e-09,1.7939441554085e-05,1.2792147452821705e-07,4.101987285348636e-09,1.7450219029706973e-06,1.6457852172651675e-08,4.409987047913616e-07
0.06710867418356206,0.0011698009259729304,4.406734448617189e-06,7.280891274949868e-08,3.256920078257893e-09,1.9091582220441083e-05,1.3806723031934948e-07,4.465128364918153e-09,1.870081959186536e-06,1.785522862031177e-08,4.7441380897257347e-07
0.06775774286201999,0.0012267225281133458,4.709866276190081e-06,7.869783139646874e-08,3.5471689037685744e-09,2.031373499555516e-05,1.4898804912807673e-07,4.85944609827634e-09,2.0037087237572288e-06,1.936738691699073e-08,5.102596429832479e-07
0.0684130892706593,0.0012861683231643409,5.032858265389495e-06,8.504613012148128e-08,3.862511548308488e-09,2.160988830399095e-05,1.6074072829887601e-07,5.287529234027063e-09,2.146459726958412e-06,2.1003419603713658e-08,5.487051366066913e-07
0.06907477412708592,0.0013482375086639943,5.3769409726292245e-06,9.188823988100601e-08,4.205047232815411e-09,2.2984240780484454e-05,1.7338603717821453e-07,5.752173745909987e-09,2.2989266960196643e-06,2.2773111157442842e-08,5.899303654960032e-07
0.06974285873616064,0.001413032559526176,5.74341636977197e-06,9.926105936816362e-08,4.577044560901651e-09,2.4441211312764804e-05,1.8698898040467098e-07,6.256398759861326e-09,2.4617375097686783e-06,2.4686988328150295e-08,6.341272434321203e-07
0.07041740499567896,0.0014806593078602467,6.133661672111858e-06,1.072041231025575e-07,4.980954649931975e-09,2.5985449504075742e-05,2.0161907758862822e-07,6.803463650413643e-09,2.635558255636322e-06,2.675637395425865e-08,6.815002545684257e-07
0.07109847540210605,0.001551227023480715,6.549133351723776e-06,1.157597803110973e-07,5.419425235293688e-09,2.7621846569621224e-05,2.1735066032680724e-07,7.39688638788987e-09,2.821095393796691e-06,2.899344448278339e-08,7.322672277704635e-07
0.07178613305636682,0.0016248484950526381,6.991371343971523e-06,1.2497338524502946e-07,5.89531581636516e-09,2.9355546681457355e-05,2.3426318754628003e-07,8.04046322318079e-09,3.019098033403559e-06,3.1411291434204474e-08,7.866601552576518e-07
0.07248044166969231,0.0017016401118154507,7.462003455228511e-06,1.3489349961368545e-07,6.4117139172314654e-09,3.1191958776661817e-05,2.5244158022439413e-07,8.738289802552529e-09,3.2303603260781188e-06,3.4023987066550723e-08,8.449260578560014e-07
0.0731814655695225,0.00178172194582469,7.962749980128201e-06,1.4557210785244376e-07,6.971952540012749e-09,3.3136768843902087e-05,2.719765765849766e-07,9.494783810930145e-09,3.4557239820003525e-06,3.684665450841341e-08,9.073278992767573e-07
0.07388926970546617,0.0018652178346477556,8.495428536932301e-06,1.5706484598117917e-07,7.579628893789458e-09,3.519595270382235e-05,2.929651089277159e-07,1.0314709248461643e-08,3.696080914160965e-06,3.9895542646689943e-08,9.741455519459686e-07
0.07460391965531864,0.001952255464446645,9.06195912987834e-06,1.694312448501096e-07,8.238624487530073e-09,3.737578929895497e-05,3.1551070330656426e-07,1.1203202451909406e-08,3.952376016539084e-06,4.31881060717957e-08,1.045676817024102e-06
0.07532548163113727,0.00204296645337704,9.66436944764716e-06,1.8273498861245872e-07,8.953126681187894e-09,3.9682874509140535e-05,3.39723903334526e-07,1.2165799979550537e-08,4.225610082185708e-06,4.674309040093482e-08,1.122238501372851e-06
0.07605402248537611,0.002137486435229996,1.0304800407373508e-05,1.970441893079426e-07,9.727651795231378e-09,4.2124135508721504e-05,3.657227194565419e-07,1.3208468485836327e-08,4.516842867413288e-06,5.058062331883952e-08,1.2041675543491892e-06
0.07678960971707982,0.0022359551432387563,1.098551195391138e-05,2.1243167848767493e-07,1.0567069885344377e-08,4.470684568203541e-05,3.936331050990732e-07,1.4337636720060363e-08,4.827196308516193e-06,5.472231169518734e-08,1.2918222674333396e-06
0.07753231147813727,0.002338516493969923,1.1708889124354205e-05,2.2897531685985775e-07,1.1476631295884438e-08,4.743864011399239e-05,4.235894611750076e-07,1.556022979176453e-08,5.15785789767842e-06,5.919134515875471e-08,1.3855835398288984e-06
0.07828219657959604,0.0024453186712147714,1.2477448388107352e-05,2.467583229866347e-07,1.246199511295089e-08,5.032753167277239e-05,4.5573517049527227e-07,1.688370585457486e-08,5.510084224960695e-06,6.401260653032642e-08,1.485856213309232e-06
0.0790393344980374,0.002556514209792634,1.3293844273104778e-05,2.658696221157695e-07,1.3529259645600725e-08,5.338192770190874e-05,4.902231637144538e-07,1.831609536964393e-08,5.885204693499953e-06,6.921278953944049e-08,1.5930704797248722e-06
0.07980379538201358,0.002672260079175239,1.4160876289066437e-05,2.864042162865795e-07,1.4684995071893695e-08,5.6610647339258466e-05,5.272165185168472e-07,1.986604311990851e-08,6.284625415301705e-06,7.482052427435586e-08,1.707683364732155e-06
0.08057565005854686,0.002792717766836911,1.5081496158992614e-05,3.084635769076708e-07,1.593627839506152e-08,6.002293948056236e-05,5.66889093831578e-07,2.154285315696913e-08,6.709833295257108e-06,8.086651084012721e-08,1.8301802914531144e-06
0.0813549700396917,0.0029180533612322627,1.605881537040006e-05,3.3215606106484554e-07,1.7290730864212197e-08,6.362850140550576e-05,6.094262009511333e-07,2.33565368736045e-08,7.162400311273288e-06,8.738366172652156e-08,1.9610767279322327e-06
0.08214182752916031,0.0030484376342991082,1.709611305811063e-05,3.5759735288094243e-07,1.8756558023619214e-08,6.74374980843636e-05,6.550253135166844e-07,2.531786440676675e-08,7.643987998667425e-06,9.440725341566322e-08,2.100919922415261e-06
0.08293629542901237,0.003184046123381339,1.819684423071406e-05,3.849109313155316e-07,2.034259256484325e-08,7.146058218349272e-05,7.03896818426318e-07,2.743841958840915e-08,8.156352147242266e-06,1.0197508778891923e-07,2.250290730640564e-06
0.08373844734640924,0.0033250592124622583,1.936464835313527e-05,4.14228565861428e-07,2.20583401667017e-08,7.570891478807614e-05,7.562648098183866e-07,2.973065867468489e-08,8.70134771973119e-06,1.1012766392359169e-07,2.409805539503781e-06
0.08454835760043368,0.0034716622125958944,2.0603358298050056e-05,4.456908416668657e-07,2.391402851949552e-08,8.019418686065011e-05,8.123679283823616e-07,3.220797309799341e-08,9.280934000577537e-06,1.1890836090258153e-07,2.580118291631696e-06
0.08536610122897557,0.003624045441420045,2.1917009679201007e-05,4.794477156872167e-07,2.5920659741919793e-08,8.492864145407175e-05,8.724602483533645e-07,3.488475650103957e-08,9.89717998429364e-06,1.2836363229443033e-07,2.7619226155821884e-06
0.08619175399568403,0.0037824043016313844,2.3309850579981218e-05,5.156591055481312e-07,2.809006641179337e-08,8.992509669765645e-05,9.368122146542332e-07,3.777647632756913e-08,1.0552270012928356e-05,1.3854321299697922e-07,2.95595406657252e-06
0.08702539239698705,0.003946939358299507,2.4786351690958856e-05,5.544955128833936e-07,3.0434971445142226e-08,9.519696957529692e-05,1.0057116327610225e-06,4.0899750260793115e-08,1.1248509672461765e-05,1.495003391755351e-07,3.1629924828301686e-06
0.08786709366917864,0.004117856414893364,2.6351216870327664e-05,5.961386829952354e-07,3.296905207232312e-08,0.00010075830051440032,1.0794647139834681e-06,4.427242781772465e-08,1.1988331958236186e-05,1.612919820658022e-07,3.383864462856086e-06
0.0887169357955749,0.004295366587890348,2.8009394141573243e-05,6.40782302773105e-07,3.5707008174801454e-08,0.0001066237788045217,1.1583971789725193e-06,4.7913677425819564e-08,1.2774303719830952e-05,1.7397909645318015e-07,3.619445969093109e-06
0.08957499751373912,0.004479686379834809,2.9766087142951637e-05,6.886327388982078e-07,3.866463526193519e-08,0.00011280876886453784,1.242855422391132e-06,5.184407932740949e-08,1.3609132396084642e-05,1.8762688468320427e-07,3.87066506369921e-06
0.09044135832277674,0.004671037750709579,3.162676704367421e-05,7.399098184563992e-07,4.18589023837112e-08,0.00011932933737718287,1.3332077418137827e-06,5.6085724677561e-08,1.449567305127144e-05,2.023050771032212e-07,4.138504782337866e-06
0.091316098490701,0.004869648187481225,3.35971849419913e-05,7.94847654180904e-07,4.530803529287626e-08,0.0001262022813097011,1.429845634053415e-06,6.066232122217927e-08,1.5436935723743677e-05,2.1808822988271696e-07,4.424006152116665e-06
0.09219929906186966,0.00507575077167612,3.568338476065961e-05,8.536955166488379e-07,4.9031605188328864e-08,0.00013344515683925544,1.533185162252602e-06,6.559930596546143e-08,1.6436093098656778e-05,2.3505604120925332e-07,4.728271360028299e-06
0.09309104186449373,0.005289584244842277,3.78917166555633e-05,9.167187558622889e-07,5.3050623391046364e-08,0.00014107630920162195,1.643668397218453e-06,7.09239652592791e-08,1.7496488516703903e-05,2.5329368690880583e-07,5.052467078477749e-06
0.09399140951821887,0.005511393071748011,4.022885095353872e-05,9.8419977475512e-07,5.73876423242537e-08,0.0001491149034815196,1.7617649366282866e-06,7.666556277171374e-08,1.8621644331094684e-05,2.728921765933984e-07,5.397827954713069e-06
0.09490048544178001,0.0057414275011666875,4.2701792635725884e-05,1.0564390572814062e-06,6.206686319105779e-08,0.00015758095636272506,1.887973505885558e-06,8.285547581789947e-08,1.981527062532634e-05,2.939487314955074e-07,5.765660271217746e-06
0.09581835386073023,0.005979943624093668,4.531789638303567e-05,1.1337562538603494e-06,6.711425076538974e-08,0.00016649536885588535,2.022823644562522e-06,8.952734056358102e-08,2.1081274304603713e-05,3.165671852078274e-07,6.157345784367219e-06
0.096745099815244,0.00622720342923893,4.808488220057257e-05,1.2164913270755182e-06,7.255765573590634e-08,0.0001758799600216526,2.1668774825287987e-06,9.671720664039568e-08,2.242376857407805e-05,3.4085840860859904e-07,6.574345748902014e-06
0.09768080916799622,0.006483474855636896,5.101085163810444e-05,1.3050057606540976e-06,7.842694506752053e-08,0.00018575750170646537,2.320731610032177e-06,1.0446370174195335e-07,2.3847082817384153e-05,3.669407603171499e-07,7.018205136025901e-06
0.09862556861211741,0.006749031842212507,5.410430462390074e-05,1.399683834883545e-06,8.475414087155279e-08,0.000196151754307914,2.485019046170428e-06,1.1280820680132297e-07,2.5355772889267472e-05,3.9494056409140083e-07,7.4905570531971425e-06
0.09957946567922575,0.0070241543741403605,5.737415692948336e-05,1.500933971760063e-06,9.15735683031092e-08,0.00020708750358624023,2.6604113103709163e-06,1.2179504238364945e-07,2.695463183639576e-05,4.249926146491317e-07,7.993127373946864e-06
0.10054258874753678,0.007309128525832227,6.082975828304846e-05,1.6091901533041769e-06,9.892201303334525e-08,0.00021859059853805712,2.847620601677596e-06,1.3147166696233508e-07,2.864870106076283e-05,4.572407134677663e-07,8.527739586327254e-06
0.1015150270500519,0.007604246500386006,6.448091114950302e-05,1.724913416625161e-06,1.0683888887474641e-07,0.0002306879903478752,3.0474020908330806e-06,1.418888877836334e-07,3.044328194038923e-05,4.918382361935003e-07,9.096319868868542e-06
0.10249687068282534,0.007909806665328,6.833789019525034e-05,1.8485934294664674e-06,1.1536641616954263e-07,0.0002434077724324879,3.260556330337569e-06,1.5310108506267849e-07,3.2343947922324495e-05,5.289487333698167e-07,9.700902403200898e-06
0.10348821061331186,0.00822611358447888,7.241146245601514e-05,1.980750150120639e-06,1.245498115849579e-07,0.00025677922159264853,3.4879317878650704e-06,1.6516645029396205e-07,3.435655710325561e-05,5.687465662778154e-07,1.0343634932782599e-05
0.1044891386887947,0.008553478045772469,7.671290822614531e-05,2.121935575762413e-06,1.3443748999420482e-07,0.000270832840285834,3.730427508621867e-06,1.781472395011433e-07,3.648726531331005e-05,6.114175797666989e-07,1.1026784577460987e-05
0.10549974764489528,0.008892217084855469,8.125404268795573e-05,2.2727355834148923e-06,1.4508127915903002e-07,0.000285600400033171,3.988995912441786e-06,1.9211004229496838e-07,3.8742539718928224e-05,6.571598140418153e-07,1.175274391388541e-05
0.10652013111416504,0.009242654004295803,8.604723829978305e-05,2.4337718679345793e-06,1.5653664796833708e-07,0.00030111498597286027,4.2646457316287955e-06,2.0712606765396963e-07,4.112917296095878e-05,7.061842574707161e-07,1.2524037332086027e-05
0.10755038363476041,0.009605118388226213,9.110544796150853e-05,2.6057039815769622e-06,1.6886294902794089e-07,0.00031741104257158935,4.558445095776931e-06,2.2327144739063523e-07,4.365429784439834e-05,7.58715642563831e-07,1.3343327678828059e-05
0.10859060065920219,0.009979946112250138,9.644222897636513e-05,2.7892314798862284e-06,1.82123676438958e-07,0.00033452442050458265,4.871524770025201e-06,2.40627558316032e-07,4.632540259645978e-05,8.14993287386817e-07,1.4213423198656517e-05
0.10964087856321844,0.010367479348435633,0.00010207176782787452,2.985096178838463e-06,1.963867396467989e-07,0.00035249242471394445,5.205081553434346e-06,2.59281364168285e-07,4.9150346709900693e-05,8.75271984765389e-07,1.5137284783843528e-05
0.11070131465467418,0.010768066565225208,0.00010800890579079388,3.1940845283609028e-06,2.117247542892618e-07,0.00037135386365402237,5.560381844412253e-06,2.7932577842535907e-07,5.213737738879403e-05,9.398229417516281e-07,1.6118033544763918e-05
0.11177200718258684,0.011182062522087829,0.00011426916539490961,3.4170301075459713e-06,2.2821535102087363e-07,0.00039114909973141104,5.938765380353449e-06,3.008600491797942e-07,5.529514661414335e-05,1.0089347719326932e-06,1.715895871252586e-05
0.11285305534622889,0.01160982825874157,0.0001208687777604838,3.654816247082385e-06,2.4594150334154824e-07,0.0004119201009460758,6.341649158908241e-06,3.239901673130096e-07,5.86327288469689e-05,1.0829145432788625e-06,1.8263525885996528e-05
0.11394455930431867,0.01205173107877559,0.00012782471082409096,3.908378784633609e-06,2.6499187551080424e-07,0.0004337104937389519,6.770531548548081e-06,3.4882929926930606e-07,6.215963938669303e-05,1.1620888843484865e-06,1.9435385635672988e-05
0.11504662018430013,0.012508144527501906,0.00013515469847346078,4.178708959107144e-06,2.854611916844487e-07,0.00045656561705004027,7.2269965963515665e-06,3.7549824579487857e-07,6.588585340284187e-05,1.246805151791802e-06,2.0678382477158507e-05
0.11615934009171212,0.012979448363868353,0.00014287727060981537,4.466856449977746e-06,3.074506274686362e-07,0.0004805325775897358,7.712718541198118e-06,4.041259280752486e-07,6.982182565825636e-05,1.3374326622250226e-06,2.1996564227315454e-05
0.11728282211964854,0.013466028526266976,0.00015101178415600962,4.773932568051777e-06,3.310682251469165e-07,0.0005056603063247314,8.22946654082421e-06,4.348499027754427e-07,7.39785109421606e-05,1.434363991679443e-06,2.339419175648085e-05
0.11841717035830981,0.013968277092073114,0.00015957845502857318,5.101113604289577e-06,3.5642933389916823e-07,0.0005319996161783505,8.779109621467489e-06,4.678169075611448e-07,7.836738523157345e-05,1.538016345968821e-06,2.4875749150434353e-05
0.1195624899046467,0.014486592230753804,0.000168598391091507,5.449644343538395e-06,3.8365707639734714e-07,0.0005596032609436332,9.363621859102879e-06,5.031834387561397e-07,8.300046759967026e-05,1.648833005461042e-06,2.6445954296124234e-05
0.12071888687209799,0.01502137815038708,0.00017809362610939728,5.820841750268354e-06,4.128828432318702e-07,0.0005885259954059289,9.985087801554328e-06,5.411163628715497e-07,8.78903428898026e-05,1.7672848478879243e-06,2.8109769905456972e-05
0.12188646840042117,0.015573045037435005,0.00018808715471706674,6.2160988336499055e-06,4.442468166942284e-07,0.0006188246366699506,1.0645708141049973e-05,5.81793563825763e-07,9.305018517394462e-05,1.8938719529794317e-06,2.987241499176531e-05
0.12306534266561926,0.016142008989619958,0.00019860296842264587,6.636888699562483e-06,4.778985255163314e-07,0.0006505581266846761,1.1347805647080898e-05,6.254046277610068e-07,9.849378201441539e-05,2.0291252928663623e-06,3.173937681386647e-05
0.12425561888996331,0.01672869194175464,0.000209666092660488,7.084768797379571e-06,5.139974322449341e-07,0.0006837875959574683,1.2093831369712686e-05,6.721515674527155e-07,0.00010423555954772575,2.1736085123578433e-06,3.371642330292173e-05
0.1254574073521117,0.017333521584381336,0.00022130262490991636,7.561385369636713e-06,5.527135550106805e-07,0.0007185764284469875,1.2886371123796642e-05,7.222495884017805e-07,0.0001102906084094146,2.327919803367749e-06,3.5809615987595745e-05
0.12667081939732744,0.01795693127508093,0.00023353977389527228,8.068478112954426e-06,5.942281255358423e-07,0.0007549903276224477,1.3728152264828468e-05,7.759278987974453e-07,0.0001166747105187165,2.4926938779366838e-06,3.802532343330622e-05
0.1278959674477943,0.018599359942316575,0.0002464058998821677,8.607885058859616e-06,6.387342853125953e-07,0.0007930973836747313,1.4622050767500841e-05,8.334305656399024e-07,0.0001234043667418328,2.668604044474536e-06,4.037023521162659e-05
0.12913296501303262,0.019261251981681903,0.0002599305560842529,9.18154768342351e-06,6.864378219750994e-07,0.0008329681418627712,1.5571098618304682e-05,8.950174194169695e-07,0.000130496825452507,2.8563643920314964e-06,4.285137641618475e-05
0.13038192670041598,0.019943057144428955,0.00027414453119411363,9.791516254912978e-06,7.375579479836963e-07,0.0008746756719762756,1.6578491533838303e-05,9.609650098382736e-07,0.00013797011200847797,3.0567320875938865e-06,4.547612274165532e-05
0.13164296822578944,0.020645230418158095,0.0002890798930512251,1.0439955428938223e-05,7.923281238380928e-07,0.0009182956388938124,1.76475970167926e-05,1.0315676152439204e-06,0.00014584305916223215,3.270509791595523e-06,4.8252216142708533e-05
0.13291620642419094,0.021368231899557003,0.00030477003345911455,1.1129150100865981e-05,8.509969281390832e-07,0.0009639063742127085,1.878196276189294e-05,1.1071383084219088e-06,0.00015413533842430227,3.498548197034111e-06,5.118778109001577e-05
0.13420175926067543,0.022112526659082313,0.00032124971416300164,1.1861511525557984e-05,9.138289769245008e-07,0.0010115889489248405,1.9985325424383657e-05,1.1880100816901188e-06,0.00016286749239710337,3.7417486977867535e-06,5.429134144064439e-05
0.13549974584124463,0.022878584597486287,0.00033855511399838835,1.2639583714793105e-05,9.811058948157611e-07,0.0010614272471100195,2.1261619763959996e-05,1.2745370342252713e-06,0.00017206096809707362,4.001066191929287e-06,5.757183794040769e-05
0.13681028642388224,0.023666880294095683,0.00035672387722003,1.3466050123026299e-05,1.0531273406256738e-06,0.001113508040615891,2.2614988177356966e-05,1.3670956247511897e-06,0.00018173815128256148,4.277512026079233e-06,6.103864637592939e-05
0.13813350242969555,0.024477892846759344,0.0003757951630197445,1.434374063244123e-05,1.130212090196924e-06,0.00116792106469078,2.4049790633118087e-05,1.4660859928342108e-06,0.00019192240180454563,4.572157087002872e-06,6.470159639438626e-05
0.13946951645416525,0.02531210570338778,0.00039580969624045765,1.5275638848555398e-05,1.2126991793636788e-06,0.001224759094533106,2.5570615022378502e-05,1.5719333521731297e-06,0.00020263808999691267,4.886135046953839e-06,6.857099100906767e-05
0.14081845227850381,0.026170006485018,0.00041680981929270803,1.6264889717945818e-05,1.3009491100560045e-06,0.0012841180227182538,2.7182287939799728e-05,1.6850894594154281e-06,0.00021391063412256803,5.22064576944196e-06,7.265762680905367e-05
0.14218043488112372,0.02705208680034266,0.00043883954527864434,1.7314807479967714e-05,1.3953451226988308e-06,0.0013460969374608999,2.8889885909104906e-05,1.8060341621809904e-06,0.00022576653889116625,5.576958882368174e-06,7.697281489145665e-05
0.14355559044921673,0.027958842051654935,0.0004619446123272661,1.8428883964651145e-05,1.4962945381934118e-06,0.0014107982016678814,3.069874706795948e-05,1.9352770301283384e-06,0.00023823343506374053,5.95641752570343e-06,8.152840253479827e-05
0.14494404639044503,0.02889077123216709,0.00048617253914334476,1.961079724927053e-05,1.6042301729104166e-06,0.0014783275327336972,3.261448332724725e-05,2.073359073057779e-06,0.0002513401201589102,6.360442281138017e-06,8.633679563219871e-05
0.14634593134474538,0.029848376714671943,0.0005115726817709986,2.086442068639142e-05,1.719611830269712e-06,0.0015487940830277158,3.4642993020081885e-05,2.220854550209795e-06,0.0002651166002747275,6.790535291378844e-06,9.141098190313364e-05
0.1477613751962482,0.030832164031525344,0.0005381962915714708,2.2193832316514083e-05,1.842927872632268e-06,0.001622310521019052,3.679047405618366e-05,2.378372875086262e-06,0.00027959413303954784,7.248284577032109e-06,9.676455490258413e-05
0.14919050908531029,0.03184264164593836,0.0005660965744130428,2.360332467873876e-05,1.974696877385429e-06,0.0016989931129817637,3.906343759753558e-05,2.54656062029654e-06,0.00029480527170452697,7.735368559268723e-06,0.00010241173884642402
0.15063346542066564,0.032880320714579706,0.0005953287510694617,2.509741503319514e-05,2.1154693812633833e-06,0.0017789618052201537,4.1468722271509444e-05,2.7261036271099014e-06,0.0003107839103896229,8.253560796740922e-06,0.00010836741427192444
0.15209037789169277,0.033945714841496485,0.0006259501188214878,2.6680856009278182e-05,2.2658297171098853e-06,0.0018623403067502633,4.4013508937919416e-05,2.917729224580996e-06,0.00032756533049406493,8.804734945487395e-06,0.00011464714455220849
0.1535613814808012,0.035039339823376696,0.0006580201142544669,2.8358646694046284e-05,2.4263979474615394e-06,0.0019492561723706437,4.670533602672213e-05,3.1222085633047237e-06,0.00034518624828137255,9.390869950843008e-06,0.00012126720328346659
0.15504661247593732,0.03616171338618462,0.0006916003772428958,3.0136044175436757e-05,2.597831899505418e-06,0.002039840886051977,4.955211546333272e-05,3.340359069053075e-06,0.00036368486364800866,1.0014055480650176e-05,0.00012824460256365385
0.15654620848321152,0.03731335491321369,0.000726754816111138,3.2018575555255566e-05,2.780829306146034e-06,0.002134229944571784,5.256214919876351e-05,3.5730470217467266e-06,0.00038310091008376046,1.0676497609353294e-05,0.00013559712218128237
0.15806030843964736,0.03849478516461355,0.0007635496739573508,3.401205044719203e-05,2.976130058103416e-06,0.002232562941316976,5.574414636202803e-05,3.821190265421241e-06,0.0004034757058307786,1.13805247628476e-05,0.00014334333973279424
0.15958905262605394,0.03970652598845897,0.000802053596125646,3.612257397540347e-05,3.1845185721553948e-06,0.0023349836501735392,5.910724105245614e-05,4.085761055058937e-06,0.0004248522062470955,1.2128593934246546e-05,0.00015150266168680032
0.16113258268002284,0.04094910002344098,0.0008423376988094048,3.8356560289495955e-05,3.4068262808343924e-06,0.0024416401094192013,6.266101078978348e-05,4.367789046375075e-06,0.0004472750573791771,1.2923297181028162e-05,0.0001600953554132791
0.16269104160905132,0.04222303039327498,0.0008844756387663767,4.072074661200928e-05,3.6439342490919395e-06,0.0025526847055313616,6.641549564005394e-05,4.668364434869165e-06,0.00047079065074678687,1.3767368414320742e-05,0.00016914258219557127
0.164264573803791,0.0435288403929283,0.0009285436841238872,4.322220783477986e-05,3.89677592365147e-06,0.002668274256818918,7.038121803554791e-05,4.9886412506808894e-06,0.0004954471793420492,1.4663690491387824e-05,0.0001786664312427046
0.16585332505142625,0.044867053166789704,0.0009746207862502163,4.586837168082765e-05,4.166340020983684e-06,0.0027885700967833524,7.45692033071093e-05,5.3298408160226455e-06,0.0005212946948431816,1.5615302622682957e-05,0.0001886899547192725
0.1674574425491811,0.046238191378910554,0.0010227886526656146,4.86670344486559e-05,4.453673560057636e-06,0.002913738157110621,7.899100094737513e-05,5.693255372200297e-06,0.0005483851660418427,1.662540810514514e-05,0.00019923720380969338
0.16907707491795715,0.04764277687546212,0.0010731318209640155,5.162637735610269e-05,4.7598850462443395e-06,0.003043949050191865,8.365870662352356e-05,6.08025188347725e-06,0.0005767725384814897,1.7697382393718964e-05,0.0002103332658332779
0.17071237221610303,0.04908133033956876,0.0011257377337138379,5.475498350111325e-05,5.086147812980114e-06,0.003179378151067584,8.858498495826259e-05,6.492276025285614e-06,0.000606512795302417,1.8834781523391385e-05,0.00022200430242604047
0.1723634859533174,0.05055437093868746,0.0011806968143036566,5.80618554570218e-05,5.433703528030837e-06,0.003320205678686097,9.378309309784559e-05,6.93085636454412e-06,0.0006376640192875253,2.0041350894349676e-05,0.00023427758880471358
0.1740305691046863,0.05206241596471964,0.0012381025436957616,6.155643352013864e-05,5.80386587143965e-06,0.0034666167763638695,9.926690508595109e-05,7.397608740100076e-06,0.0006702864561009725,2.1321034433174144e-05,0.0002471815541278191
0.1757137761248561,0.053605980467052526,0.0012980515380478135,6.524861462762903e-05,6.1980243924849e-06,0.0036188015913314357,0.00010505093706229147,7.894240851577685e-06,0.0007044425787100391,2.2677984143292288e-05,0.00026074582296806864
0.17741326296234378,0.05518557687874388,0.0013606436271599634,6.914877196384826e-05,6.617648553227227e-06,0.0037769553532456283,0.00011115037330481102,8.422557065184664e-06,0.0007401971529785657,2.411657005823258e-05,0.00027500125790968046
0.17912918707398523,0.056801714636074675,0.0014259819337017782,7.326777527345664e-05,7.064291966478938e-06,0.0039412784515447915,0.00011758109313429983,8.984463445300984e-06,0.0007776173044183105,2.5641390611520994e-05,0.00028998000328348737
0.18086170743952443,0.058454899791710556,0.0014941729531705444,7.76170118997813e-05,7.5395968362912884e-06,0.0041119765115209626,0.0001243596987002039,9.58197302095475e-06,0.0008167725860824917,2.725728343737917e-05,0.0003057155300519325
0.18261098457634156,0.06014563462172133,0.0015653266345290332,8.220840856700396e-05,8.04529860931937e-06,0.004289260468978849,0.00013150354366629218,1.0217211296568345e-05,0.000857735047583487,2.8969336616677613e-05,0.0003222426818551918
0.1843771805543259,0.06187441722673059,0.0016395564614682383,8.705445392487849e-05,8.583230845695648e-06,0.004473346643348987,0.00013903076281476405,1.08924220166494e-05,0.0009005793052146481,3.078290038291191e-05,0.0003395977222288179
0.186160459010891,0.06364174112746962,0.0017169795342369435,9.216822187473239e-05,9.155330318318482e-06,0.00466445680911851,0.00014696030258717397,1.1609973194387824e-05,0.0009453826131535846,3.2703599303258375e-05,0.00035781838300229284
0.18796098516613605,0.06544809485503278,0.0017977166519769913,9.75633956955896e-05,9.763642349740191e-06,0.0048628182654403655,0.00015531195258039558,1.2372363414415246e-05,0.0009922249357220702,3.473734495006392e-05,0.00037694391388689327
0.18977892583815303,0.06729396153613797,0.0018818923954998274,0.00010325429298926398,1.0410326396124108e-05,0.005068663903778382,0.00016410637801559297,1.318222842028174e-05,0.0010411890206751926,3.689034907841542e-05,0.0003970151332601774
0.1916144494584827,0.06917981847371338,0.0019696352104364785,0.0001092558914632954,1.1097661888026822e-05,0.005282232273442729,0.00017336515319791624,1.4042347997502887e-05,0.001092360473489738,3.916913732571356e-05,0.00041807448015325927
0.19346772608771948,0.07110613672314153,0.0020610774906898205,0.0001155838555705645,1.1828054338054599e-05,0.005503767644867661,0.00018311079598431508,1.4955653163335875e-05,0.0011458278326193533,4.158056344945262e-05,0.00044016606744584565
0.19533892743126763,0.07307338066450639,0.0021563556621146053,0.00012225456402437904,1.2604041725735458e-05,0.00573352007048024,0.00019336680327652108,1.5925233674746024e-05,0.0012016826456811634,4.413182411967832e-05,0.00046333573627268767
0.19722822685524946,0.07508200757119955,0.002255610266347148,0.00012928513820774793,1.3428301170250074e-05,0.00597174544300647,0.00020415768755585275,1.695434586633515e-05,0.0012600195465358505,4.683047428285152e-05,0.00048763111164380025
0.19913579940256845,0.07713246717525785,0.002358986044703299,0.00013669347149543865,1.4303655901963163e-05,0.0062187055510587045,0.00021550901447606107,1.8046420830311923e-05,0.0013209363332204035,4.9684443114103204e-05,0.0005131016592793891
0.20106182180912566,0.0792252012298092,0.002466632022059529,0.0001444982595072599,1.523308254400137e-05,0.006474668131845298,0.00022744744152992767,1.920507295089144e-05,0.0013845340466897066,5.2702050575090175e-05,0.0005397987436588349
0.2030064725201951,0.08136064306902435,0.002578701590628793,0.00015271903131085967,1.621971871543133e-05,0.006739906920842228,0.00024000075780482557,2.0434108805829223e-05,0.0014509170503203856,5.589202459491097e-05,0.0005677756872817172
0.20496993170695646,0.08353921716597695,0.0026953525935389986,0.00016137618159207023,1.726687096789732e-05,0.007014701698263244,0.00025319792484183314,2.1737536448097558e-05,0.0015201931101271055,5.926351889173648e-05,0.0005970878311370398
0.20695238128318774,0.0857613386888264,0.0028167474081184723,0.00017049100381061146,1.837802306789035e-05,0.007299338332163927,0.00026706911861237246,2.3119575081031705e-05,0.0015924734756385698,6.282613145302171e-05,0.0006277925963752347
0.20895400492211968,0.08802741305575057,0.0029430530287892303,0.00018008572435863391,1.955684463712692e-05,0.00759410881801298,0.0002816457726256472,2.4584665140577084e-05,0.0016678729613772154,6.658992369235218e-05,0.0006599495471756712
0.21097498807345294,0.09033783548906477,0.003074441149465355,0.00019018353773928031,2.0807200163832302e-05,0.007899311314562497,0.0002969606221794082,2.6137478798582037e-05,0.0017465100288835645,7.056544030114239e-05,0.000693620454800639
0.21301551798053991,0.09269299056896985,0.0032110882453501503,0.00020080864278203015,2.2133158398029898e-05,0.00821525017584753,0.00031304774976577036,2.778293090138513e-05,0.0018285068692227172,7.476372981356519e-05,0.0007288693628247171
0.21507578369773278,0.09509325178738953,0.0033531756540221996,0.00021198627991118662,2.3539002144251498e-05,0.00854223597914446,0.0003299426316429475,2.952619035825268e-05,0.0019139894859073743,7.919636590322011e-05,0.000765762653526559
0.2171559761078994,0.09753898110235498,0.00350088965569703,0.0002237427694833847,2.502923846539356e-05,0.00888058554871613,0.0003476821855828481,3.137269199452114e-05,0.0020030877781683633,8.38754694301673e-05,0.000804369115427988
0.2192562879401082,0.10003052849341315,0.003654421552547373,0.00023610555120947763,2.660860931175068e-05,0.009230621975171166,0.000366304819803488,3.332814888459751e-05,0.0020959356245001696,8.88137312570459e-05,0.0008447600119631241
0.22137691378748542,0.10256823151853722,0.003813967746961971,0.0002491032246755997,2.8282102589569355e-05,0.009592674630264881,0.0003858504830941464,3.5398565180265634e-05,0.0021926709664057712,9.402443585307155e-05,0.0008870091512581347
0.22351805012524267,0.10515241487302412,0.003979729818618623,0.0002627655909775501,3.0054963683758647e-05,0.0099670791769676,0.00040636071614004877,3.75902494500253e-05,0.002293435892261238,9.952148570474508e-05,0.000931192956999722
0.22567989532888136,0.10778338995087783,0.004151914600244926,0.0002771236954820193,3.193270744970779e-05,0.010354177574627739,0.0004278787040522477,3.990982854548522e-05,0.002398376721217601,0.0001053194265521491,0.0009773905403683092
0.22786264969257167,0.11046145440917265,0.004330734251935777,0.00029220987172739283,3.392113068944532e-05,0.010754318079056004,0.0004504493301070461,4.2364262011090026e-05,0.0025076440870534663,0.00011143347346967743,0.0010256837730092205
0.23006651544770984,0.11318689173590613,0.004516406333894013,0.0003080577864761309,3.6026325127670755e-05,0.011167855237357836,0.0004741192306980947,4.496085705373934e-05,0.0026213930218886156,0.0001178795378100345,0.0010761573610127894
0.23229169678165495,0.11595997082184889,0.004709153877457227,0.00032470248592983756,3.825469090347551e-05,0.011595149877342314,0.0004989368515028263,4.77072840891047e-05,0.0027397830396652203,0.00012467425503027312,0.001128898919871611
0.23453839985664654,0.11878094553690732,0.004909205454270604,0.00034218044311726357,4.061295059384488e-05,0.012036569091336019,0.0005249525048635181,5.06115928817022e-05,0.002862978219299721,0.00013183501341853537,0.0011839990503805812
0.23680683282890574,0.12165005431151626,0.005116795243462713,0.00036052960646450395,4.310816378530942e-05,0.012492486214232542,0.0005522184283816933,5.368222929601344e-05,0.0029911472874048547,0.00013937998374006258,0.0012415514154425476
0.23909720586792063,0.1245675197235801,0.005332163096678009,0.0003797894495556276,4.5747742210372055e-05,0.012963280795608767,0.0005807888447230421,5.6928052676170766e-05,0.003124463700477757,0.0001473281498208511,0.0013016528177396344
0.2414097311759183,0.1275335480914901,0.005555554600817289,0.0004000010220909048,4.853946546559504e-05,0.013449338565742068,0.0006107200226283067,6.035835387193324e-05,0.0032631057264465827,0.00015569934008716454,0.0013644032782274475
0.24374462300752622,0.13054832907373737,0.00578722113833438,0.0004212070020486142,5.149149732847382e-05,0.013951051395364096,0.0006420703391239439,6.398287392888077e-05,0.003407256525464468,0.00016451426007886252,0.0014299061154063512
0.2461020976896214,0.13361203527564586,0.006027419944934451,0.0004434517490552074,5.461240269045334e-05,0.014468817248988812,0.0006749003429243943,6.781182346092574e-05,0.0035571042298360315,0.00017379452595423826,0.001498268025321042
0.2484823736413739,0.1367248218637538,0.0062764141645177485,0.00046678135896733854,5.791116512367161e-05,0.015003040131656608,0.0007092728190161414,7.185590272342506e-05,0.0037128420229584724,0.00018356269900375835,0.0015695991622366502
0.25088567139448315,0.13988682618836445,0.006534472901209052,0.0004912437196678738,6.139720509921144e-05,0.015554130028938415,0.0007452528544115589,7.612632240530029e-05,0.0038746682171555058,0.00019384232118972944,0.0016440132199363334
0.25331221361361006,0.1430981674147888,0.006801871268311856,0.0005168885680765897,6.508039887484557e-05,0.016122502840047032,0.0007829079050586318,8.063482515872308e-05,0.004042786330279094,0.0002046579517285334,0.0017216275135822803
0.2557622251170069,0.14635894616379908,0.007078890434023642,0.0005437675483747905,6.897109807042441e-05,0.016708580303907393,0.0008223078638904994,8.539370788501909e-05,0.004217405160950635,0.00021603520473161523,0.0018025630620787092
0.2582359328973466,0.1496692441618106,0.007365817663747137,0.0005719342714414431,7.308014994922983e-05,0.017312789918041263,0.0008635251299965735,9.0415844795534e-05,0.00439873886230979,0.00022800078792093202,0.0018869446708722323
0.2607335661427533,0.15302912390130463,0.0076629463588303946,0.0006014443754968807,7.741891842375026e-05,0.01793556485012609,0.0009066346788947365,9.571471126627667e-05,0.004587007014136113,0.0002405825424340303,0.001974901015121589
0.2632553562580369,0.15643862831199812,0.007970576091567256,0.0006323555879483302,8.199930580446001e-05,0.018577343842093006,0.00095171413388176,0.00010130440850518492,0.0047824346932051915,0.00025380948373332236,0.002066564723165396
0.2658015368861324,0.1598977804432632,0.008289012636288265,0.0006647277884297643,8.68337753102904e-05,0.019238571106633316,0.0009988438384367217,0.00010719968905087648,0.0049852525417382046,0.000267711843633503,0.002162072460213117
0.26837234392974746,0.16340658315829398,0.008618567996371104,0.0006986230730267207,9.193537435955687e-05,0.01991969621598995,0.0010481069296496726,0.00011341598312174933,0.005195696833800553,0.0002823211134603502,0.0022615650121811074
0.2709680155732174,0.16696501884050308,0.008959560426998175,0.000734105819674778,9.731775866016369e-05,0.020621173982913257,0.001099589412645227,0.0001199694258342256,0.005414009539502353,0.00029767008835338845,0.0023651873695918887
0.2735887923045741,0.17057304911263554,0.0093123144534894,0.000771242754718385,0.00010299521711794888,0.021343464333670483,0.0011533802359682344,0.00012687688530890097,0.005640438386850959,0.00031379291272413344,0.0024730888114516078
0.2762349169378265,0.1742306145690667,0.00967716088503639,0.0008101030206146269,0.0001089826975820299,0.022087032173001685,0.0012095713678958195,0.00013415599168322345,0.0058752369211028145,0.00033072512688070785,0.0025854229890168792
0.2789066346354574,0.1779376345217456,0.010054436823664898,0.0008507582447643701,0.00011529583344599427,0.02285234724092302,0.0012682578736374541,0.0001418251670492144,0.006118664561459214,0.00034850371482874644,0.0027023480093586938
0.28160419293113786,0.18169400676023884,0.010444485668252016,0.0008932826094509799,0.0001219509711237312,0.02363988396128573,0.0013295379933818045,0.000149903656334567,0.006370986654948653,0.0003671671532575095,0.0028240265186276594
0.2843278417526608,0.18549960732630905,0.010847657113425129,0.0009377529228644773,0.0001289651984186186,0.024450121282006375,0.0013935132211462151,0.00015841155914524455,0.006632474527335338,0.00038675546171905174,0.002950625784921083
0.28707783344509685,0.18935429030346235,0.011264307143169653,0.000984248691186662,0.0001363563738046699,0.025283542506891837,0.001460288384381734,0.000167369862587476,0.0069034055308921675,0.0004073102540072191,0.003082317780649007
0.2898544227941741,0.19325788762187412,0.011694798018974027,0.0010328521917101902,0.00014414315663810063,0.02614063511899105,0.0015299717242835261,0.00017680047508674085,0.007184063088873709,0.0004288747907420563,0.003219279264292683
0.2926578670498838,0.19721020887909746,0.01213949826234071,0.0010836485469621281,0.00015234503831759063,0.027021890595413683,0.0016026749767534313,0.00018672626122102592,0.0074747367365234655,0.0004514940331639283,0.003361691861445393
0.29548842595031416,0.2012110411769405,0.012598782631494212,0.0011367257997998597,0.00016098237441130507,0.02792780421356557,0.0016785134539583208,0.0001971710775852695,0.0077757221584476574,0.0004752146981404204,0.0035097421450220943
0.2983463617457163,0.20526014897488648,0.013073032092117806,0.0011921749894445756,0.0001700764177684893,0.028858874848759493,0.0017576061264246714,0.0002081598097034949,0.008087321222186628,0.0005000853143876263,0.003663621714520763
0.30123193922279984,0.2093572739604065,0.013562633781953213,0.0012500902284147354,0.00017964935263313042,0.02981560476316896,0.001840075705606372,0.00021971841000466082,0.0084098420078133,0.0005261562799060314,0.003823527274214891
0.30414542572926634,0.21350213493651243,0.014067980969099567,0.0013105687803192444,0.00018972432977688397,0.030798499386104336,0.0019260487268598784,0.00023187393687779912,0.008743598833387507,0.0005534799206296478,0.003989660710153195
0.3070870911985787,0.21769442772686676,0.014589473003850531,0.0013737111384669915,0.00020032550266805278,0.031808067085599016,0.0020156556327569648,0.00024465459482139577,0.009088912276093913,0.0005821105502854903,0.004162229165839119
0.31005720817497057,0.2219338250987556,0.01512751526391119,0.0014396211052466687,0.00021147806469298529,0.032844818931304726,0.0021090308566623097,0.000258089775701422,0.009446109188890472,0.000612104531458803,0.004341445116459563
0.3130560518386974,0.22621997670421012,0.01568251909283979,0.0015084058722275278,0.00022320828744580405,0.03390926844870574,0.0022063129064996273,0.0002722101011317176,0.009815522712494413,0.0006435203378576777,0.00452752644152866
0.31608390003153164,0.23055250903954283,0.016254901731562434,0.0015801761009288985,0.00023554356010184498,0.035001931364672945,0.0023076444486264023,0.0002870474659897611,0.010197492282531962,0.0006764186177689536,0.004720696495809607
0.3191410332825048,0.23493102542354644,0.016845086242813393,0.0016550460042030423,0.0002485124298896194,0.03612332534439032,0.0024131723917341784,0.0003026350830800632,0.01059236363167882,0.000710862258695341,0.00492118417837431
0.3222277348338985,0.23935510599457954,0.017453501428357294,0.0017331334281726334,0.0002621446436754989,0.037273969719696674,0.002523047970687416,0.0003190075289565974,0.01100048878661805,0.000746916453161782,0.005129223999657273
0.32534429066748605,0.24382430772674718,0.01808058173885421,0.0018145599346611762,0.0002764711906746413,0.03845438520889976,0.002637426830210713,0.00033620079091483936,0.011422226059643235,0.0007846487656770012,0.005345056146357751
0.32849098953103034,0.2483381644653594,0.01872676717623366,0.0018994508840511411,0.00029152434630096006,0.03966509362812977,0.0027564691083305053,0.0003542523151629791,0.011857940034735257,0.0008241292008341083,0.005568926544040972
0.33166812296503384,0.2528961869818257,0.01939250318844799,0.0019879355185012646,0.00030733771716813806,0.040906617594311925,0.0028803395194737045,0.0003732010561809107,0.01230800154794204,0.0008654302725318743,0.005801086917286308
0.3348759853297513,0.25749786304813405,0.02007824055648299,0.0020801470454513598,0.0003239462872528718,0.042179480219852204,0.0030092074371224583,0.00039308752727454236,0.012772787661893036,0.0009086270742961326,0.006041794847228499
0.33811487383246175,0.2621426575310214,0.02078443527350711,0.002176222721339208,0.00034138646523060453,0.04348420479914027,0.0031432469759203495,0.0004139538523317928,0.013252681634280622,0.000953797350678311,0.006291313826334478
0.34138508855500443,0.2668300125059365,0.02151154841604869,0.002276303935450869,0.00035969613299306855,0.04482131448698871,0.0032826370731219323,0.00043584381878549263,0.013748072880143448,0.0010010215697057558,0.006549913310256828
0.34468693248158155,0.2715593473908614,0.02226004600709691,0.0023805362938221827,0.0003789146953559189,0.046191331969139465,0.003427561569274101,0.00045880293178710284,0.01425935692778926,0.001050382996355983,0.006817868766602276
0.3480207115268296,0.2763300591000384,0.02303039887102827,0.002489069703105787,0.00039908313096366125,0.04759477912498197,0.0035782092880139085,0.000482878469593869,0.01478693536819644,0.0011019677670244645,0.0070954617204516965
0.3513867345641621,0.2811415222176248,0.02382308248026874,0.0026020584543143647,0.0004202440443979282,0.049032176682641024,0.0037347741148643864,0.0005081195401705759,0.015331215797737899,0.00115586496495289,0.007382979796466269
0.3547853134543866,0.28599308919127264,0.024638576793609073,0.002719661306347357,0.00044244171949392745,0.05050404386660499,0.003897455074906218,0.0005345771390056623,0.01589261175407277,0.001212166696582163,0.00768071675741269
0.35821676307459865,0.29088409054560777,0.02547736608609862,0.0028420415692048118,0.0004657221738686227,0.05201089803808002,0.0040664564091997,0.0005623042081398422,0.016471542645056403,0.0012709681687916245,0.007988972538938783
0.36168140134735466,0.2958138351155509,0.026339938770451127,0.002969367186788378,0.0004901332146628324,0.05355325432826695,0.004241987649828139,0.0005913556964038044,0.017068433670521535,0.0013323677669830995,0.008308053280429448
0.3651795492701285,0.3007816102994143,0.02722678720990591,0.003101810819186133,0.0005157244954980297,0.05513162526477441,0.004424263693430675,0.0006217886208598749,0.017683715736790253,0.0013964671339655533,0.008638271351772284
0.3687115309450501,0.30578668233165696,0.02813840752249455,0.0032395499243340316,0.0005425475746470927,0.05674652039139104,0.0046135048730888036,0.0006536621294407214,0.018317825363777403,0.0014633712495930459,0.008979945375860072
0.3722776736089343,0.3108282965751862,0.02907529937667523,0.0033827668389435498,0.0005706559744167546,0.05839844588145852,0.0048099370284283086,0.0006870375647763968,0.018971204584555233,0.0015331885111057883,0.009333400246658291
0.37587830766359914,0.3159056778330435,0.030037965778304608,0.0035316488585814044,0.0006001052417378156,0.06008790414509568,0.005013791573794848,0.0007219785291990642,0.019644300837251234,0.001606030814120821,0.009698967142663923
0.37951376670647763,0.32101803067930185,0.031026912848928067,0.003686388316783752,0.0006309530099574588,0.0618153934305403,0.005225305564358508,0.0007585509509127991,0.020337566849158304,0.0016820136342159135,0.01007698353558236
0.383184387561525,0.3261645398089691,0.03204264959537868,0.003847182663083773,0.0006632590618262841,0.0635814074198886,0.0054447217599997615,0.0007968231513137189,0.0210514605129419,0.001761256109046835,0.010467793194048823
0.3868905103104258,0.3313443704066732,0.03308568767068699,0.004014234539828295,0.0006970853936707612,0.06538643481952387,0.005672288686826516,0.0008368659134436955,0.02178644475483598,0.0018438811209350843,0.010871746182221347
0.3906324783241019,0.3365566685338749,0.03415654112631316,0.004187751857655468,0.0007324962807398606,0.0672309589455409,0.005908260696169219,0.0008787525515585234,0.022542987394725045,0.0019300153798597495,0.011289198853072563
0.39441063829452605,0.34180056153433247,0.035255726155725677,0.004367947869502409,0.0007695583437127075,0.069115457304485,0.006152898020898516,0.0009225589817892715,0.023321560998017764,0.002019789506783819,0.011720513836208507
0.3982253402668421,0.34707515845751613,0.036383760829360845,0.004555041243008383,0.0008083406163518771,0.07104040116973734,0.006406466828907182,0.0009683637938730861,0.02412264271922481,0.002113338117241986,0.012166060020043612
0.4020769376717983,0.35237955049965086,0.037541164821010414,0.004749256131175884,0.000848914614284904,0.0730062551538917,0.006669239273596462,0.0010162483239273543,0.024946714137161458,0.002210799905113415,0.012626212528162825
0.40596578735849004,0.3577128114620306,0.0387284591256943,0.004950822241148782,0.0008913544048942847,0.07501347677747702,0.0069414935412039705,0.0010662967282385114,0.025794261081702047,0.002312317726499426,0.013101352689702155
0.40989224962742354,0.3630739982262434,0.03994616576909138,0.005159974900964049,0.0009357366782939613,0.07706251603439913,0.007223513894809135,0.0011185960580343583,0.026665773452025785,0.00241803868362293,0.013591868003583326
0.41385668826389693,0.36846215124590187,0.041194807508608766,0.005376955124130081,0.0009821408193679093,0.07915381495447871,0.007515590714849666,0.0011732363352059318,0.0275617450262973,0.0025281142086624234,0.014098152096437522
0.4178594705717051,0.37387629505446784,0.04247490752618763,0.005602009671882329,0.0010306489808439216,0.0812878071634805,0.00781802053598163,0.0012303106289423512,0.028482673262738286,0.00264270014743016,0.01462060467405814
0.42190096740716987,0.37931543878872753,0.04378698911295137,0.005835391112963827,0.001081346157373239,0.0834649174410369,0.008131106080113429,0.0012899151332392276,0.029429059092053976,0.0027619568428004547,0.01515963146622415
0.4259815532135003,0.3847785767274601,0.045131575345819845,0.006077357880776081,0.001134320260584034,0.08568556127688098,0.008455156285443481,0.0013521492452384016,0.030401406701189196,0.002886049217790555,0.015715644164739192
0.430101606055484,0.3902646888448126,0.04650918875622189,0.006328174327742612,0.0011896621950740168,0.0879501444258145,0.00879048633133008,0.0014171156443537223,0.031400223308397826,0.003015146858192868,0.01628906035453492
0.43426150765451516,0.3957727413778833,0.04792035099105498,0.006588110776725978,0.0012474659353048363,0.09025906246184612,0.009137417658820922,0.0014849203721348098,0.03242601892962054,0.0031494240946538577,0.016880303437691445
0.438461643423961,0.4013016874079884,0.049365582466052216,0.006857443569336297,0.0013078286033579563,0.09261270033194635,0.009496277986669481,0.0015556729128174585,0.03347930613617642,0.0032890600840913675,0.017489802550231366
0.4427024025048692,0.4068504674550702,0.05084540201173095,0.0071364551109673515,0.0013708505475089317,0.0950114319098726,0.009867401322664749,0.0016294862745063288,0.03456059980378438,0.0034342388903385378,0.018117992471548446
0.446984177802024,0.4124180100846925,0.05236032651211146,0.007425433912394937,0.0014366354215740685,0.09745561955052934,0.010251127970101285,0.0017064770709325284,0.03567041685294321,0.003585149563899073,0.018765313526337844
0.45130736602034566,0.41800323252703475,0.053910870536405135,0.007724674627769708,0.0015052902649802372,0.09994561364533278,0.010647804529215594,0.0017867656037251188,0.03680927598070716,0.003741986220694855,0.019432211478898186
0.45567236770164704,0.42360504130730403,0.05549754596388934,0.008034478088836108,0.0015769255835058867,0.1024817521790623,0.01105778389341652,0.0018704759451327344,0.037977697383910776,0.003904948119683959,0.020119137419683724
0.46007958726174303,0.42922233288694467,0.057120861602195434,0.008355151335206906,0.0016516554306378664,0.10506436028868454,0.011481425240137039,0.001957736021127845,0.039176202473903854,0.004074239739223189,0.020826547643988374
0.4645294330279196,0.43485399431502425,0.0587813227992534,0.00868700764052229,0.001729597489485614,0.10769374982464336,0.011919094016136106,0.0020486776948229852,0.040405313582872866,0.004250070852046134,0.021554903522651665
0.4690223172767653,0.4404989038891547,0.06047943104914716,0.009030366534321415,0.001810873155191025,0.11037021891511428,0.012371161917080322,0.0021434368501248883,0.04166555366183554,0.004432656598724552,0.02230467136468232
0.4735586562723682,0.4461559318252958,0.06221568359215088,0.009385553819453447,0.001895607617769007,0.11309405153373181,0.012838006861236942,0.002242153475548844,0.04295744597041008,0.004622217559477388,0.023076322271701814
0.47813887030488306,0.4518239409357743,0.06399057300922778,0.009752901584854978,0.001983929945310396,0.11586551707129539,0.013320012957110895,0.0023449717481123728,0.044281513758470926,0.004818979824188813,0.023870331984118604
0.4827633837294707,0.4575017873148407,0.0658045868112875,0.010132748213520405,0.0020759731674755357,0.11868486991197152,0.0138175704648615,0.0024520401172236778,0.045638279939817714,0.005023175060493378,0.02468718071895108
0.48743262500561385,0.4631883210310749,0.06765820702351087,0.010525438385491817,0.0021718743592034047,0.12155234901450668,0.01433107575133587,0.0025635113884766797,0.04702826675799666,0.005235040579783588,0.02552735299922435
0.4921470267368161,0.4688823868259469,0.06955190976506462,0.010931323075695507,0.002271774724557726,0.1244681774989762,0.014860931238560084,0.0026795428072613086,0.048451995444427014,0.005454819400992255,0.026391337474876632
0.49690702571067913,0.47458282481781405,0.07148616482453847,0.01135075954645191,0.0023758196806279988,0.1274325622395836,0.015407545345530212,0.002800296142093555,0.049909985868996906,0.005682760311998915,0.027279626735115862
0.501713062939373,0.4802884712106541,0.07346143523145489,0.01178411133448832,0.002484158941399885,0.1304456934640434,0.01597133242315104,0.0029259377675669015,0.05140275618331003,0.005919117928507428,0.02819271711218133
0.5065655837004955,0.4859981590068029,0.07547817682420944,0.012231748232283018,0.0025969466015059225,0.13350774436006657,0.0165527126821724,0.0030566387468226905,0.05293082245677432,0.006164152750238997,0.02913110847646998
0.5114650375783265,0.49171071872297084,0.07753683781481374,0.012694046263571637,0.002714341219763839,0.13661887068947365,0.01715211211397706,0.0031925749134335967,0.054494698305739324,0.00641813121428234,0.030095304022998735
0.5164118785054822,0.4974249791088102,0.07963785835082582,0.013171387652848912,0.0028365059024064226,0.13977921041046182,0.01776996240407956,0.0033339269525909086,0.05609489451590243,0.006681325745440963,0.031085810049184627
0.5214065648049715,0.503139767867291,0.08178167007486098,0.01366416078869953,0.002963608385902961,0.1429888833085442,0.01840670083819907,0.003480880481482668,0.05773191865821665,0.006954014803414539,0.03210313572393348
0.5264495592326597,0.5088539123761525,0.08396869568209275,0.014172760180795387,0.003095821119269228,0.1462479906366852,0.019062770200774813,0.003633626128746256,0.059406274698547853,0.007236482926650398,0.033147792848039585
0.5315413290201427,0.514566240409689,0.08619934847615851,0.014697586410398526,0.0032333213457589756,0.14955661476514504,0.019738618665797764,0.0037923596128755775,0.061118462601341815,0.00752902077269872,0.03422029560590924
0.5366823459180355,0.5202755808601255,0.08847403192389891,0.015239046074211988,0.003376291183826472,0.15291481884154734,0.020434699679838637,0.003957281819459436,0.06286897792757361,0.007831925154903217,0.035321160308631895
0.5418730862396794,0.5259807644578498,0.09079313920936899,0.015797551721424302,0.0035249177072463633,0.15632264646167865,0.021151471837157577,0.004128598877124477,0.0646583114272693,0.008145499075258482,0.03645090512843509
0.5471140309052747,0.5316806244897614,0.09315705278756964,0.016373521783797015,0.0036793930242732926,0.1597801213515207,0.02188939874678793,0.004306522232052702,0.06648694862689862,0.008470051753263352,0.037610049824570495
0.5524056654864338,0.5373739975149935,0.09556614393835183,0.01696738049864753,0.0038399143557202686,0.16328724706100928,0.022648948891492625,0.004491268720939886,0.06835536941195204,0.008805898650598266,0.0387991154606888
0.5577484802511722,0.5430597240772893,0.09802077232096573,0.01757955782458579,0.00400668411183177,0.1668440066700127,0.023430595478499735,0.004683060642258766,0.07026404760503066,0.009153361491454813,0.04001862411377677
0.5631429702093306,0.5487366494132976,0.10052128552972323,0.018210489349865865,0.0041799099678236,0.17045036250700757,0.024234816281930943,0.004882125825687109,0.07221345053978712,0.009512768278344274,0.0412690985747392
0.5685896351584374,0.5544036241560668,0.10306801865125598,0.01886061619321972,0.004359804937958603,0.174106255880923,0.025062093476843853,0.005088697699557799,0.07420403863106896,0.00988445330321171,0.042551062040721926
0.5740889797300154,0.560059505033027,0.10566129382386025,0.019530384897045415,0.004546587448023985,0.17781160682661667,0.02591291346481799,0.0053030153561854886,0.07623626494163073,0.010268757153682312,0.043865037799285314
0.5796415134363345,0.5657031555577495,0.10830141979941932,0.020220247312827073,0.004740481406072602,0.1815663138644339,0.02678776669102307,0.005525323614921066,0.07831057474578847,0.010666026714266615,0.04521154890455032
0.5852477507176193,0.5713334467147906,0.11098869150840884,0.02093066047867145,0.004941716271287824,0.1853702537742899,0.027687147452715978,0.005755873082782655,0.08042740509040691,0.011076615162351615,0.04659111784545186
0.5909082109897104,0.5769492576369274,0.11372338962848644,0.021662086488850003,0.0051505271208281975,0.18922328138470274,0.028611553699122882,0.00599492021250919,0.08258718435361745,0.011500881958805777,0.04800426620624776
0.5966234186921885,0.5825494762741135,0.11650578015718138,0.022414992355244173,0.005367154714505451,0.1931252293771939,0.02956148682267239,0.006242727357880132,0.08479033180167833,0.011939192833026049,0.049451514319445215
0.6023939033369655,0.5881330000534878,0.1193361139891968,0.023189849860598043,0.005591845557146446,0.19707590810645848,0.030537451441555695,0.0064995628261425645,0.08703725714439825,0.012391919762257593,0.05093338091132039
0.6082201995573401,0.5936987365297812,0.1222146264988403,0.02398713540348818,0.005824851958486742,0.20107510543668833,0.03153995517359783,0.006765700927384198,0.08932836008955336,0.012859440945016582,0.05245038274021702
0.6141028471575336,0.599245604025488,0.12514153712811094,0.024807329834931672,0.006066432090441585,0.20512258659442667,0.032569508401438366,0.007041422020689806,0.09166402989674244,0.013342140768450113,0.05400303422782971
0.6200423911627023,0.6047725322601749,0.128117048980958,0.025650918286557783,0.006316850041596547,0.20921809403830766,0.03362662402902712,0.007327012556915491,0.09404464493112852,0.013840409769468126,0.05559184708368521
0.6260393818694334,0.6102784629683184,0.13114134842423952,0.026518389990280066,0.0065763758687587565,0.21336134734601914,0.03471181722945298,0.007622765117914198,0.09647057221752797,0.01435464458948487,0.057217329923051265
0.6320943748967304,0.6157623505050793,0.13421460469590685,0.027410238089412124,0.006845285645406763,0.21755204311881526,0.035825605184135384,0.007928978452044107,0.09894216699531594,0.014885247922610723,0.05887998787851618
0.6382079312374903,0.6212231624394378,0.13733696952093455,0.02832695944118124,0.007123861506875544,0.2217898549038811,0.036968506813418886,0.008245957505790219,0.10145977227462355,0.015432628457137297,0.06058032220549503
0.6443806173104801,0.6266598801341314,0.14050857673552397,0.029269054410602163,0.007412391692110859,0.2260744331348366,0.03814104249862395,0.00857401345132825,0.10402371839431312,0.015997200810163256,0.062318829881933116
0.6506130050128148,0.6320714993118574,0.14372954192009962,0.030237026655684004,0.007711170581825739,0.23040540509064678,0.03934373379561768,0.008913463709858734,0.10663432258221922,0.016579385455210618,0.06409600320248822
0.6569056717729429,0.6374570306072158,0.14699996204161753,0.031231382903952363,0.008020498732890518,0.23478237487318548,0.04057710313998246,0.009264631970539276,0.10929188851815497,0.017179608642686858,0.06591232936749021
0.6632592006041476,0.6428155001038995,0.15031991510570364,0.032252632720280464,0.008340682908786189,0.23920492340368216,0.041841673543871395,0.009627848204841352,0.11199670590018784,0.017798302313051455,0.06776829006698615
0.6696741801585587,0.6481459498566403,0.1536894598191279,0.033301288266031424,0.008672036105949599,0.24367260843825111,0.04313796828465171,0.010003448676158261,0.11474905001468727,0.018435904002549817,0.06966436106019333
0.6761512047816943,0.6534474383974639,0.15710863526312885,0.034377864049528035,0.009014877575839129,0.24818496460269723,0.04446651058545274,0.010391775944491333,0.11754918131066466,0.019092856741384827,0.07160101175069757
0.6826908745675249,0.6587190412258077,0.16057746057808192,0.03548287666787447,0.009369532842547327,0.2527415034467526,0.04582782328774497,0.010793178866040497,0.12039734497891535,0.019769608944198658,0.07357870475774216
0.6892937954140728,0.6639598512820901,0.1640959346600105,0.03661684454016753,0.009736333715787691,0.25734171351789065,0.04722242851609178,0.011208012587526996,0.12329377053648521,0.020466614292745742,0.07559789548397075
0.6959605790795479,0.6691689794043367,0.1676640358694239,0.037780287632146796,0.010115618299082097,0.2619850604548306,0.0486508473352276,0.011636638535075778,0.12623867141698353,0.021184331610642104,0.07765903167999441
0.702691843239027,0.6743455547674944,0.17128172175296202,0.038973727172343785,0.010507730992975469,0.2666709871008297,0.05011359939963092,0.012079424397487073,0.1292322445672639,0.021923224730084314,0.07976255300616797
0.7094882115416814,0.6794887253050866,0.17494892877831575,0.040197685359804385,0.010913022493104529,0.27139891363683377,0.05161120259577245,0.012536744103726986,0.13227467005100002,0.022683762350436853,0.08190889059197326
0.7163503136685573,0.6845976581128872,0.17866557208288292,0.04145268506346855,0.011331849782948045,0.27616823773453036,0.05314417267723356,0.013008977794469351,0.13536611065967913,0.023466417888594458,0.08409846659341291
0.7232787853909156,0.689671539834314,0.1824315452366086,0.04273924951330733,0.01176457612108706,0.2809783347293312,0.05471302289290264,0.013496511787522486,0.13850671153153782,0.024271669321033067,0.08633169374883648
0.7302742686291358,0.6947095770272682,0.18624672001944753,0.0440579019833263,0.012211571022804098,0.28582855781327865,0.05631826360847173,0.01399973853697686,0.14169659977896365,0.02509999901747224,0.08860897493362507
0.7373374115121917,0.699710996512172,0.19011094621387598,0.0454091654665609,0.012673210235852609,0.2907182382478538,0.057960401921468466,0.01451905658591226,0.1449358841248834,0.025951893566077865,0.09093070271417358
0.7444688684376964,0.7046750457009718,0.19402405141285906,0.04679356234219889,0.013149875710228277,0.2956466855966282,0.059639941270071675,0.015054870512505517,0.14822465454865286,0.026827843590143993,0.0932972589016185
0.7516693001325352,0.7096009929069189,0.19798584084368143,0.048211614034981976,0.013641955561777587,0.30061318797769204,0.06135738103597386,0.015607590869383653,0.1515629819419677,0.027728343556202073,0.0957090141057686
0.7589393737140802,0.7144881276349437,0.20199609720801753,0.04966384066704907,0.01414984402947955,0.3056170123357508,0.06311321614156598,0.016177634116069966,0.1549509177753005,0.028653891573513262,0.09816632728970526
0.7662797627519989,0.7193357608524763,0.20605458053861503,0.051150760702397984,0.014673941426240152,0.3106574047337665,0.0649079366417337,0.01676542254437513,0.15838849377537123,0.029604989184910276,0.10066954532552552
0.7736911473306608,0.7241432252405902,0.2101610280729414,0.05267289058415707,0.015214654083041979,0.31573359066399265,0.06674202731056764,0.017371384196589186,0.16187572161414743,0.030582141148965264,0.10321900255170963
0.7811742141121457,0.7289098754253671,0.21431515414413166,0.05423074436486952,0.01577239428629397,0.3208447753782244,0.06861596722330277,0.01799595277633437,0.1654125926098679,0.031585855213469065,0.10581502033260248
0.7887296563998638,0.7336350881894108,0.21851665008955506,0.0558248333300091,0.01634758020823062,0.32599014423706507,0.07053022933381611,0.018639567551944486,0.16899907744057197,0.03261664188021932,0.10845790662050409
0.7963581742027894,0.7383182626634589,0.22276518417730184,0.05745566561495739,0.016940635830213727,0.3311688630779801,0.07248528004802271,0.01930267325224115,0.17263512587060958,0.03367501416112439,0.11114795552087076
0.8040604743003158,0.7429588204980668,0.22706040155087137,0.05912374581568806,0.01755199085879319,0.33638007860188746,0.0744815787935248,0.019985719954582253,0.17632066649059996,0.03476148732564128,0.1138854468611315
0.8118372703077416,0.7475562060153691,0.23140192419232775,0.06082957459341728,0.01818208063438972,0.3416229187780134,0.07651957758588014,0.020689162965065372,0.18005560647129404,0.03587657863957852,0.116670645763635
0.8196892827423816,0.7521098863409328,0.23578935090415787,0.06257364827348834,0.018831346032464644,0.3468964932667026,0.0785997205918648,0.021413462690773013,0.1838398313317815,0.037020807095303115,0.11950380222323642
0.8276172390903264,0.7566193515157621,0.24022225731006375,0.06435645843878081,0.01950023335705019,0.3521998938598712,0.08072244369012455,0.022159084503955064,0.18767320472248333,0.0381946931334072,0.12238515069004868
0.835621873873842,0.7610841145885192,0.24470019587488434,0.06617849151793873,0.02018919422651705,0.3575321949387467,0.0828881740296118,0.022926498598049714,0.19155556822334402,0.039398758355897796,0.125314909657875
0.8437039287194238,0.7655037116880598,0.249222695943828,0.06804022836873078,0.020898685451462763,0.3628924539485246,0.08509732958622251,0.023716179835451625,0.1954867411576337,0.04063352523098796,0.12829328125884765
0.8518641524265078,0.7698777020764032,0.2537892638011738,0.06994214385686692,0.021629168904611334,0.36827971188955044,0.08735031871805543,0.024528607586943498,0.1994665204217525,0.04189951678957879,0.13132045086479655
0.8601033010368464,0.774205668182277,0.25839938274857643,0.07188470643060844,0.022381111382619858,0.3736929938246061,0.08964753971972528,0.025364265562715597,0.2034946803314167,0.04319725631353543,0.13439658669587295
0.8684221379045554,0.7784872156154012,0.2630525132030873,0.07386837769152138,0.023154984459696333,0.37913130940186507,0.09198938037617521,0.026223641634906158,0.20757097248458806,0.044527267015871716,0.137521839436952
0.8768214337668387,0.782721973161699,0.2677480928149809,0.07589361196173647,0.023951264332939683,0.3845936533930546,0.09437621751643854,0.02710722765160341,0.21169512564149562,0.04589007171297322,0.14069634186233726
0.8853019668153971,0.7869095927596407,0.27248553660545083,0.07796085584808785,0.024770431659319973,0.3900790062463428,0.09680841656781275,0.028015519242259857,0.2158668456220761,0.047286192488998485,0.14392020846929043
0.8938645227685255,0.791049749457948,0.27726423712421844,0.08007054780351852,0.02561297138422617,0.39558633465344883,0.09928633111091367,0.02894901561447835,0.22008581522114873,0.04871615035261504,0.14719353512090144
0.9025098949439141,0.7951421413549122,0.282083564627072,0.08222311768615037,0.026479372561516907,0.40111459213045914,0.10181030243609046,0.029908219342139875,0.2243516941416176,0.05018046488623777,0.15051639869882122
0.9112388843321434,0.7991864895195857,0.2869428672733232,0.08441898631642453,0.02737012816501665,0.4066627196117979,0.10438065910168143,0.030893636144849915,0.22866411894597172,0.05167965388795034,0.153888856766358
0.9200522996708987,0.8031825378951449,0.29184147134315774,0.08665856503273572,0.0282857348914125,0.41222964605680634,0.10699771649460782,0.0319057746586964,0.23302270302634676,0.053214233006306816,0.1573109472424538
0.9289509575198992,0.8071300531847239,0.2967786814748171,0.08894225524598814,0.029226692954511697,0.41781428906834384,0.10966177639380081,0.03294514619831595,0.23742703659337666,0.05478471536822063,0.16078268808703594
0.9379356823365512,0.811028824720043,0.30175378092153105,0.09127044799351186,0.030193505870834105,0.42341555552282206,0.11237312653696546,0.03401226451028118,0.24187668668405238,0.056391611200164206,0.16430407699823707
0.9470073065523347,0.8148786643131786,0.3067660318280948,0.0936435234927927,0.031186680236519725,0.42903234221106074,0.11513204019119111,0.03510764551783026,0.24637119718878148,0.05803542744291439,0.16787509112197296
0.9561666706499268,0.8186794060918233,0.3118146755269576,0.09606185069547063,0.032206725495545506,0.43466353648933975,0.1179387757279205,0.03623180705697238,0.25091008889781896,0.05971666736009397,0.17149568677435317
0.9654146232410731,0.8224309063184201,0.31689893285366666,0.09852578684207541,0.03325415369925348,0.4403080169400093,0.1207935762027958,0.03738526860401361,0.2554928595672196,0.06143583014077138,0.17516579917739622
0.9747520211452106,0.8261330431935489,0.32201800448148343,0.10103567701797489,0.03432947925720467,0.4459646540410038,0.12369666894089903,0.038568550994560885,0.260118984004439,0.06319341049639618,0.17888534220850505
0.9841797294688511,0.8297857166439746,0.3271710712749647,0.10359185371101781,0.035433218679383954,0.4516323108435936,0.12664826512791133,0.0397821761340721,0.2647879141736844,0.06498989825235864,0.18265420816415445
0.9936986216857369,0.8333888480957741,0.3323572946622796,0.10619463637136389,0.036565890309793035,0.4573098436577015,0.12964855940771353,0.04102666670003495,0.2694990793211023,0.06682577793447828,0.186472267538227
1.0033095797177614,0.836942380232962,0.33757581702599715,0.10884433097399082,0.03772801405147861,0.462996102744085,0.13269772948695174,0.04230254583586641,0.27425188611984697,0.06870152835073476,0.1903393688154174
1.0130134940166837,0.8404462767420686,0.34282576211207505,0.11154122958438867,0.03892011108305802,0.4686899330127004,0.13579593574709448,0.043610336836641825,0.2790457188350781,0.07061762216857331,0.19425533828012415
1.022811263646627,0.843900522043113,0.34810623545673336,0.11428560992794218,0.04014270356681358,0.4743901747265311,0.1389433208645044,0.04495056282677152,0.28387993950888224,0.07257452548812413,0.19821997984122186
1.0327037963673764,0.8473051210074385,0.3534163248308901,0.11707773496351709,0.04139631434844097,0.4800956642101704,0.1421400094390471,0.04632374642975768,0.28875388816510983,0.07457269741169043,0.20223307487309683
1.0426920087184832,0.8506600986628803,0.358755100701801,0.11991785246176251,0.04268146664854955,0.48580523456243546,0.14538610763175674,0.04773040943017793,0.293666883034082,0.07661258960987263,0.20629438207331702
1.0527768261041814,0.853965499886749,0.364121616711531,0.1228061945886521,0.04399868374602463,0.4915177163722864,0.14868170281207854,0.04917107242805399,0.2986182207971043,0.0786946458847057,0.21040363733728562
1.0629591828791265,0.8572213890871155,0.3695149101718535,0.12574297749478275,0.045348488653374895,0.49723193843731794,0.1520268632151982,0.05064625448577816,0.3036071768506935,0.0808193017302008,0.21456055365021476
1.0732400224349625,0.8604278498728977,0.37493400257515963,0.12872840091095428,0.04673140378420177,0.5029467284840871,0.15542163760996963,0.052156472767783055,0.30863300559040324,0.0829869838906927,0.21876482099673578
1.0836202972877274,0.8635849847132473,0.38037790012093,0.13176264775055624,0.04814795061294022,0.5086609138895404,0.15886605497794504,0.053702242173155154,0.31369494071410564,0.08519810991740512,0.22301610628844787
1.0941009691661019,0.8666929145867469,0.3858455942573057,0.13484588371928463,0.049598649327033534,0.5143733224027986,0.1623601242040023,0.055284074961403876,0.3187921955445636,0.08745308772365701,0.22731405330968296
1.104683009100518,0.8697517786209331,0.3913360622372745,0.13797825693271443,0.05108401847171949,0.5200827828665631,0.16590383377906442,0.056902480371613974,0.32392396337110346,0.08975231513914544,0.2316582826817533
1.1153673975131182,0.8727617337226541,0.3968482676889578,0.14115989754224834,0.05260457458761605,0.525788125937394,0.16949715151538786,0.058557964235219744,0.3290894178101652,0.09209617946374399,0.2360483918459153
1.1261551243085943,0.8757229541997902,0.4023811611994819,0.14439091736996634,0.054160831841311645,0.5314881848041342,0.17314002427489927,0.06025102858265706,0.3342877131844979,0.09448505702127352,0.24048395506527942
1.1370471889659028,0.8786356313748573,0.40793368091188426,0.14767140955289287,0.05575330164917661,0.5371817959037366,0.17683237771104304,0.06198217124415859,0.3395179849207288,0.09691931271370668,0.24496452344586178
1.1480446006308642,0.8814999731910123,0.4135047531344892,0.15100144819719558,0.05738249229462542,0.5428677996337622,0.18057411602459283,0.0637518854449734,0.344779349965016,0.09939929957627258,0.24948962497695515
1.1591483782096612,0.8843162038109909,0.4190932929621772,0.1543810880428278,0.05904890853907537,0.5485450410608256,0.1843651217338732,0.06556065939530521,0.3500709072164712,0.10192535833394356,0.254058764590978
1.1703595504632398,0.887084563209501,0.42469820490894633,0.15781036413911925,0.06075305122685798,0.5542123706242637,0.18820525545981925,0.0674089758752761,0.3553917379780144,0.10449781695978744,0.2586714242429343
1.1816791561026232,0.8898053067595926,0.43031838355115465,0.16128929153181487,0.062495416884354955,0.5598686448343145,0.19209435572629718,0.06929731181523555,0.360740906424297,0.10711699023567778,0.26332706300959524
1.1931082438851484,0.8924787048135296,0.4359527141808144,0.16481786496205425,0.06427649731364357,0.5655127269640997,0.19603223877608794,0.07122613787174824,0.36611746008630963,0.10978317931585996,0.2680251172084905
1.2046478727116317,0.8951050422786841,0.4416000734682948,0.1683960585777763,0.06609677918094777,0.5711434877347109,0.2000186984029264,0.07319591799960642,0.371520430352265,0.11249667129387891,0.2727650005367729
1.2162991117244808,0.8976846181889695,0.4472593301337807,0.17202382565802904,0.06795674360020908,0.5767598059927178,0.2040535057999749,0.07520710902022482,0.37694883298433063,0.11525773877337503,0.27754610422999837
1.2280630404067423,0.9002177452723223,0.4529293456268103,0.17570109835064507,0.06985686571209607,0.5823605693794098,0.20813640942508527,0.0772601601867867,0.3824016686507484,0.11806663944326157,0.2823677972408313
1.2399407486821217,0.9027047495147529,0.45860897481322327,0.17942778742374932,0.07179761425879513,0.5879446749911199,0.2122671348832033,0.07935551274652719,0.38787792347288297,0.12092361565780374,0.2872294264376746
1.2519333370159615,0.9051459697214579,0.46429706666881976,0.18320378203153825,0.07377945115492691,0.5935110300299663,0.21644538482623388,0.08149359950054269,0.39337656958669226,0.12382889402211489,0.29213031682318413
1.2640419165171999,0.9075417570755004,0.46999246497903446,0.18702894949477084,0.07580283105495346,0.5990585524443802,0.22067083887068317,0.08367484436153638,0.3988965657181136,0.12678268498359518,0.2970697717726134
1.276267609041315,0.9098924746945516,0.4756940090439158,0.19090313509639079,0.0778682009174476,0.604586171558791,0.22494315353336553,0.08589966190991083,0.4044368577718298,0.12978518242983555,0.30204707329190283
1.2886115472942632,0.9121984971861749,0.48140053438769353,0.19482616189269075,0.07997599956661156,0.610092828691861,0.22926196218544798,0.08816845694863912,0.40999637943286305,0.13283656329350996,0.30706148229540603
1.3010748749374248,0.9144602102021362,0.48711087347221327,0.19879783054041594,0.08212665725144097,0.6155774777626769,0.2336268750250865,0.090481624057346,0.4155740527804281,0.13593698716478397,0.31211223890312023
1.3136587466935636,0.916678009992212,0.49282385641350757,0.20281791914018538,0.08432059520294355,0.6210390858843216,0.23803747906888423,0.09283954714605097,0.42116878891345677,0.13908659591175943,0.31719856275726044
1.3263643284538116,0.9188523029579545,0.49853831170077273,0.2068861830965975,0.08655822518983036,0.6264766339442662,0.24249333816238566,0.09524259900902293,0.42677948858719095,0.14228551330948186,0.32231965335799595
1.3391927973856868,0.9209835052068698,0.5042530669170124,0.2110023549953708,0.0888399490731101,0.6318891171710447,0.24699399300979458,0.09769114087921626,0.43240504286022374,0.14553384467802694,0.3274746904181378
1.352145342042163,0.9230720421074567,0.5099669494606145,0.21516614449785199,0.09116615836002584,0.6372755456866899,0.2515389612230887,0.10018552198375708,0.4380443337513588,0.14883167653018842,0.3326628342365481
1.3652231624717808,0.9251183478455357,0.5156787872671104,0.21937723825320243,0.09353723375778172,0.6426349450444239,0.2561277373906697,0.10272607910096132,0.44369623490563204,0.1521790762292734,0.3378832260900039
1.3784274703298365,0.9271228649822971,0.5213874095303903,0.22363529982856822,0.09595354472752021,0.6479663567511323,0.2607597931656812,0.10531313611937182,0.44935961226884463,0.15557609165752195,0.3431349886432448
1.3917594889906408,0.9290860440144815,0.5270916474226245,0.22793996965750357,0.09841544903901561,0.6532688387741543,0.26543457737408943,0.10794700359931025,0.4550333247699287,0.1590227508956497,0.34841722637688816
1.405220453660864,0.931008342937095,0.5327903348121568,0.23229086500691248,0.10092329232655761,0.6585414660319523,0.270151516142605,0.11062797833744137,0.4607162250104618,0.16251906191401078,0.35372902603288325
1.4188116114939762,0.932890226809052,0.5384823089786346,0.2366875799627427,0.10347740764650953,0.6637833308682471,0.27491001304649976,0.1133563429348563,0.4664071599606383,0.1660650122758739,0.35906945707715165
1.432534221705798,0.9347321673221254,0.5441664113246457,0.2411296854346543,0.10607811503702858,0.6689935435092228,0.27970944927734676,0.1161323653691867,0.47210497166099274,0.16966056885329045,0.3644375721790334
1.4463895556911635,0.9365346423735731,0.5498414880831344,0.2456167291798554,0.10872572108044642,0.6741712325034306,0.2845491838306887,0.11895629857126128,0.4778084979291629,0.17330567755603116,0.36983240770713854
1.4603788971417173,0.9382981356427957,0.5555063910198784,0.25014823584628487,0.11142051846880946,0.6793155451440474,0.289428553713616,0.12182838000682539,0.4835165730709763,0.17700026307405436,0.3752529842411832
1.4745035421648447,0.9400231361723704,0.5611599781303126,0.2547237070352908,0.11416278557308662,0.6844256478731601,0.2943468741722062,0.12474883126384206,0.48922802859513076,0.18074422863395845,0.3806983070993598
1.488764799403762,0.9417101379537923,0.5668011143299982,0.25934262138394015,0.11695278601655967,0.6895007266677845,0.2993034389387622,0.12771785764590038,0.494941693930746,0.18453745576986497,0.38616736688078285
1.5031639901587535,0.9433596395182382,0.5724286721380344,0.26400443466706075,0.11979076825290358,0.6945399874073321,0.3042975204987445,0.13073564777225005,0.5006563971470405,0.1883798041091575,0.3916591400225121
1.5177024485095947,0.9449721435326618,0.5780415323527363,0.2687085799191068,0.12267696514948462,0.6995426562222875,0.309328370377288,0.133802373184993,0.5063709656744091,0.19227111117350137,0.39717258937065647
1.532381521439153,0.9465481564015106,0.5836385847188985,0.2734544675759041,0.1256115935763929,0.70450797982386,0.31439521944515214,0.1369181879639516,0.5120842270261533,0.19621119219554367,0.40270666476502465
1.5472025689581859,0.9480881878743415,0.5892187285859841,0.27824148563631246,0.12859485400173165,0.7094352258144151,0.3194972782439375,0.14008322834974013,0.5177950095201269,0.20019983995168728,0.40826030363677857
1.5621669642313438,0.9495927506596021,0.5947808735565869,0.28306899984381767,0.13162693009369114,0.7143236829785065,0.3246337373303705,0.14329761237555916,0.5235021429995554,0.20423682461131265,0.4138324316185241
1.5772760937043955,0.9510623600448287,0.6003239401245362,0.2879363538880412,0.1347079883299288,0.7191726615543601,0.32980376763944147,0.14656143950823491,0.5292044595522936,0.20832189360280962,0.41942196316626035
1.5925313572326796,0.9524975335234983,0.6058468603020163,0.2928428696261293,0.137838177614781,0.723981493485684,0.3350065208661457,0.14987479029901585,0.5349007942277788,0.21245477149676062,0.42502780219258496
1.6079341682108022,0.9538987904287602,0.6113485782351012,0.29778784732396113,0.14101762890483072,0.7287495326537028,0.34024112986556254,0.15323772604464375,0.5405899857509527,0.21663515990660392,0.4306488427105444
1.6234859537035853,0.9552666515742569,0.6168280508071107,0.30277056591708695,0.14424645484334941,0.733476155089342,0.34550670907097564,0.15665028845920143,0.5462708772324165,0.2208627374070838,0.4362839694874983
1.6391881545782898,0.9566016389022326,0.6222842482292186,0.3077902832912885,0.14752474940413696,0.7381607591655155,0.3508023549297201,0.1601124993572433,0.5519423168741026,0.22513715947078133,0.4419320587083566
1.6550422256381025,0.9579042751391117,0.6277161546177551,0.3128462365826161,0.15085258754526665,0.7428027657694791,0.3561271463564082,0.1636243603486982,0.5576031586697361,0.2294580584229915,0.4475919786475264
1.6710496357569293,0.9591750834587195,0.6331227685576721,0.31793764249675116,0.1542300248732547,0.7474016184552665,0.36148014520317695,0.16718585254603918,0.5632522630993866,0.23382504341520505,0.45326259034890926
1.6872118680154833,0.9604145871532999,0.6385031036516513,0.32306369764749776,0.15765709731815397,0.7519567835762146,0.36686039674656257,0.17079693628419407,0.5688884978174014,0.2382377004174222,0.45894274831325876
1.7035304198386927,0.9616233093124752,0.6438561890543593,0.32822357891419535,0.1611338208200741,0.7564677503976371,0.37226693019059387,0.1744575508536707,0.5745107383330317,0.24269559222951037,0.4646313011922141
1.7200068031344369,0.9628017725102785,0.6491810699913754,0.33341644381781455,0.16466019102762075,0.7609340311897126,0.3776987591856706,0.17816761424735728,0.580117868683069,0.24719825851179517,0.4703270924883044
1.736642544433623,0.9639504985003748,0.6544768082623343,0.3386414309154735,0.16823618300873894,0.765355161300683,0.3831548823627718,0.1819270229214474,0.5857087820958217,0.2517452158350524,0.4760289612602174
1.7534391850316198,0.9650700079195759,0.6597424827278522,0.3438976602130888,0.17186175097443857,0.7697306992104823,0.3886342838825187,0.18573565157092992,0.5912823816457744,0.256335957750046,0.48173574283261433
1.7703982811310566,0.9661608199997425,0.6649771897798256,0.3491842335958514,0.17553682801586878,0.7740602265649348,0.394135933998595,0.1895933529200708,0.5968375808982853,0.26096995487673513,0.48744626950976866
1.7875214039860061,0.9672234522881504,0.6701800437947127,0.3545002352761901,0.17926132585520071,0.778343348190687,0.39965878963500756,0.19349995752829996,0.6023733045436899,0.2656466550132489,0.49315937129229853
1.8048101400475587,0.9682584203763897,0.6753501775694339,0.35984473225886876,0.18303513461076476,0.7825796920910597,0.4052017949766539,0.19745527361190512,0.6078884890201974,0.270365483264706,0.49887387659626187
1.822266091110813,0.9692662376378507,0.6804867427395499,0.3652167748228333,0.18685812257688,0.7867689094230259,0.410763882072641,0.20145908688191844,0.6133820831249813,0.2751258421919317,0.5045886129738772
1.8398908744632714,0.9702474149738409,0.6855889101793943,0.3706153970194014,0.19073013601879396,0.7909106744555401,0.4163439714517789,0.20551116039856404,0.6188530486128725,0.2799271119800951,0.5103024078351268
1.8576861230346877,0.9712024605683628,0.6906558703838749,0.3760396171863758,0.19465099898315041,0.795004684509472,0.42194097274966896,0.20961123444262653,0.6243003607821026,0.28476865062727996,0.5160140891695096
1.8756534855483566,0.9721318796515748,0.6956868338316688,0.381488438477627,0.1986205131243765,0.7990506598794089,0.42755378534677246,0.21375902640407451,0.6297230090465384,0.2896497941529581,0.5217224862671986
1.8937946266738668,0.9730361742719423,0.7006810313295678,0.3869608494076774,0.20263845754737164,0.803048343737614,0.43318129901684366,0.21795423068826336,0.6351199974938864,0.2945698568263278,0.5274264304388634
1.9121112271813316,0.9739158430770792,0.7056377143377536,0.39245582441079696,0.20670458866686608,0.8069975020204467,0.4388223945850883,0.22219651864001683,0.6404903454293506,0.2995281314144391,0.5331247557334221
1.930604984097113,0.9747713811032651,0.7105561552758088,0.3979723244140992,0.21081864008379736,0.8108979232975682,0.4444759445954005,0.22648553848587683,0.6458330879042637,0.30452388945001735,0.5388162996529866
1.9492776108610481,0.9756032795736187,0.7154356478092936,0.40350929742410835,0.21498032247903975,0.8147494186242734,0.45014081398601336,0.23082091529478116,0.651147276229214,0.309556381518858,0.5444999038642707
1.9681308374852022,0.976412025704892,0.7202755071167416,0.4090656791262485,0.2191893235248023,0.8185518213773049,0.4558158607728911,0.23520225095742053,0.656431978471229,0.3146248375666525,0.5501744149057373
1.9871664107141482,0.9771981025228467,0.7250750701369568,0.41464039349668647,0.22344530781399163,0.8223049870745229,0.46149993674017387,0.2396291241844939,0.661686279934584,0.3197284672250673,0.5558386848897607
2.0063860941868126,0.9779619886861581,0.7298336957965189,0.42023235342594983,0.22774791680782303,0.8260087931788201,0.4671918881369866,0.24410109052407364,0.6669092836248407,0.3248664601568898,0.5614915721991015
2.025791668599862,0.9787041583187893,0.7345507652174191,0.42584046135370807,0.2320967688019308,0.8296631388866798,0.47289055637989474,0.24861768239825294,0.6721001106957246,0.3300379864200059,0.5671319421769732
2.045384931872693,0.979425080850766,0.7392256819047927,0.4314636099141138,0.23649145891122814,0.8332679449017978,0.4785947787603094,0.2531784091592473,0.6772579008784974,0.33524219684997925,0.5727586678100244
2.065167699314008,0.9801252208672732,0.7438578719147219,0.43710068259106355,0.24093155907372787,0.8368231531941954,0.4843033891561111,0.2577827571650805,0.6823818128934822,0.3404782234609499,0.5783706304035399
2.0851418037899996,0.9808050379659932,0.7484467840021136,0.44275055438273514,0.24541661807352416,0.8403287267452613,0.4900152187467697,0.2624301898749738,0.687471024843436,0.3457451798645623,0.5839667202481884
2.105309095894168,0.9814649866225872,0.7529918897486841,0.44841209247474356,0.24994616158311211,0.8437846492791776,0.49572909673123083,0.2671201479645289,0.6925247345884842,0.35104216170660385,0.5895458372776583
2.125671444118776,0.9821055160642255,0.7574926836711013,0.4540841569212443,0.25451969222519955,0.8471909249811913,0.5014438510478327,0.27185204946077507,0.6975421601023567,0.3563682471210089,0.5951068917165306
2.1462307350279666,0.9827270701510564,0.7619486833093632,0.4597656013333014,0.25913668965414055,0.8505475782032026,0.507158309095516,0.276625289897124,0.7025225398096899,0.36172249720086447,0.6006488047177543
2.166988873432549,0.9833300872655031,0.766359429295511,0.46545527357382765,0.2637966106571019,0.8538546531571514,0.5128712984555857,0.28143924248825125,0.7074651329041833,0.36710395648602634,0.606170508989103
2.1879477825664804,0.9839150002092676,0.7707244854028032,0.47115201645839566,0.26849888927504606,0.8571122135966897,0.5185816476132875,0.2862932583249041,0.7123692196474263,0.3725116534669345,0.6116709494080098
2.209109404265052,0.9844822361079184,0.7750434385754942,0.47685466846120816,0.2732429369435929,0.8603203424876378,0.5242881866784566,0.2911866665886025,0.7172341016482318,0.3779446011041932,0.6171490836241914
2.2304756991448054,0.98503221632293,0.7793158989393887,0.48256206442551397,0.27802814265379905,0.8634791416677254,0.5299897481045012,0.2961187747861853,0.7220591021223476,0.3834017973634629,0.6226038826494902
2.252048646785173,0.9855653563710389,0.7835414997933582,0.48827303627773583,0.2828538731328635,0.8665887314961243,0.5356851674049807,0.301088869004115,0.7268435661324228,0.38888222576517883,0.6280343314343777
2.2738302459118898,0.9860820658507764,0.7877198975820353,0.493986413744593,0.2877194730447543,0.8696492504932878,0.541373283867052,0.30609621418244604,0.7315868608081575,0.39438485594860906,0.6334394294305917
2.2958225145821776,0.9865827483760331,0.7918507718499175,0.49970102507247643,0.2926242652107174,0.8726608549716119,0.5470529412610504,0.3111400544083228,0.7362883755465675,0.3999086442497286,0.638818191139386
2.318027490371713,0.987067801516506,0.7959338251771295,0.5054156977483423,0.2975675508496055,0.8756237186574394,0.5527229885454844,0.3162196132288554,0.7409475221923295,0.4054525342923737,0.644169646644898
2.34044723056341,0.9875376167448752,0.7999687830971216,0.5111292592213844,0.30254860983794435,0.8785380323049263,0.558382280566727,0.321334093983193,0.7455637351981976,0.4110154575921217,0.6494928421321619
2.3630838123380267,0.9879925793905553,0.8039553939965909,0.516840537624746,0.30756670098962163,0.8814040033022978,0.5640296787526952,0.32648268015359166,0.7501364717655035,0.416596334172324,0.654786840389311
2.3859393329666143,0.9884330685998617,0.8078934289979373,0.522548362496529,0.31262106235506704,0.8842218552710154,0.569664051799818,0.33166453573524846,0.7546652119647801,0.4221940731917009,0.6600507212935393
2.409015910004829,0.9888594573024285,0.8117826818245812,0.528251565499363,0.31771091153975756,0.886991827658382,0.5752842763526019,0.33687880562464634,0.7591494588365668,0.4278075735828924,0.6652835822804104
2.4323156814891207,0.9892721121837169,0.8156229686494876,0.5339489811377959,0.3228354460418654,0.8897141753241079,0.5808892376751126,0.34212461602613353,0.7635887384724884,0.43343572470134367,0.6704845387961289
2.4558408061348307,0.9896713936634444,0.8194141279272565,0.5396394474727744,0.32799384360883754,0.8923891681213607,0.5864778303137093,0.347401074876436,0.7679826000767107,0.43907740698389,0.675652724732411
2.479593463536181,0.9900576558797671,0.8231560202101558,0.5453218068324767,0.3331852626126638,0.8950170904728165,0.5920489587503656,0.3527072722867693,0.7723306160079062,0.44473149261638384,0.680787292843607
2.503575854368223,0.9904312466790479,0.8268485279484887,0.550994906518785,0.33840884244358393,0.8975982409422365,0.5976015380459466,0.358042281002211,0.7766323818018877,0.450396846209713,0.6858874151457703
2.5277902005907267,0.9907925076110345,0.8304915552757033,0.5566575995086684,0.34366370392193996,0.900132931802076,0.6031344944728045,0.3634051568779511,0.7808875161750829,0.4560723254835241,0.6909522832973712
2.5522387456540443,0.9911417739292803,0.8340850277786573,0.5623087451497715,0.34894894972786694,0.9026214885976396,0.608646766136083,0.36879493937202734,0.7850956610090507,0.46175678195697195,0.6959811089613916
2.5769237547069657,0.9914793745966308,0.8376288922534755,0.5679472098495018,0.3542636648484889,0.9050642497082865,0.6141373035831328,0.3742106520541265,0.7892564813162556,0.4674490616457949,0.7009731241485571
2.6018475148065834,0.9918056322956057,0.8411231164474392,0.5735718677569258,0.3596069170422626,0.907461565906185,0.6196050704004561,0.3796513031300098,0.7933696651873428,0.4731480057650142,0.7059275815414853
2.6270123351301864,0.9921208634435015,0.8445676887873639,0.5791816014367874,0.3649777573200882,0.9098137999131101,0.6250490437976187,0.3851158859811001,0.7974349237201739,0.47885245143654165,0.7108437547995613
2.652420547189206,0.992425378212041,0.8479626180949296,0.5847753025349791,0.3703752204427852,0.9121213259557701,0.630468215177583,0.3906033797187487,0.8014519909309006,0.4845612324009781,0.7157209388443673
2.67807450504523,0.9927194805513981,0.8513079332894369,0.590351872434804,0.375798325434507,0.9143845293201427,0.6358615906929372,0.39611274975267563,0.8054206236473764,0.49027317973287454,0.7205584501255256
2.7039765855281015,0.9930034682184241,0.8546036830784726,0.5959102229033817,0.3812460761116456,0.9166038059052908,0.6412281917875118,0.4016429483730616,0.8093406013852211,0.4959871225587249,0.7253556268668354
2.730129188456141,0.9932776328089042,0.8578499356369746,0.6014492767275688,0.38671746162676307,0.9187795617771224,0.6465670557229022,0.4071929153457505,0.8132117262068739,0.5017018887769592,0.730111829292613
2.756534736858477,0.9935422597936736,0.8610467782751927,0.6069679683387689,0.39221145702705007,0.9209122127225485,0.6518772360894236,0.4127615785199958,0.8170338225639825,0.5074163057791913,0.7348264398341599
2.783195677199545,0.9937976285584236,0.8641943170960523,0.6124652444260371,0.3977270238268144,0.9230021838044836,0.6571578033010637,0.4183478544481807,0.8208067371234977,0.5131292011719909,0.7394988633163262
2.8101144796057507,0.99404401244703,0.8672926766424256,0.6179400645368882,0.40326311059346026,0.9250499089181258,0.6624078450740042,0.4239506490169098,0.8245303385778556,0.5188394034984334,0.7441285271241421
2.8372936380943257,0.9942816788082361,0.8703419995348273,0.6233914016652418,0.408818653546416,0.9270558303489392,0.6676264668883152,0.4295688580888652,0.8282045174396397,0.5245457429586884,0.7487148813495268
2.864735670804399,0.9945108890455271,0.8733424461000511,0.6288182428259532,0.4143925771684424,0.9290203983327563,0.672812792432444,0.4352013681547982,0.8318291858211403,0.5302470521289111,0.7532573989181071
2.8924431202303,0.9947318986700316,0.8762941939912665,0.6342195896153984,0.41998379482873677,0.9309440706184008,0.6779659640301452,0.4408470569950164,0.8354042771992276,0.5359421666776951,0.7577555756961954
2.920418553457119,0.994944957356291,0.8791974378001005,0.639594458757599,0.42559120941723627,0.9328273120332249,0.6830851430495235,0.4465047943497133,0.838929746165981,0.5416299260793602,0.7622089305780118
2.9486645623985495,0.9951503090007364,0.882052388661226,0.6449418826353989,0.4312137139895013,0.9346705940519425,0.6881695102938821,0.45217344259747055,0.8424055681655165,0.5473091743233409,0.7666170055532459
2.977183764037022,0.9953481917827195,0.8848592738499828,0.6502609098062131,0.43685019242154843,0.9364743943691246,0.6932182663740938,0.45785185744125684,0.8458317392174731,0.5529787606189567,0.7709793657550865
3.00597880066618,0.9955388382279409,0.8876183363735568,0.6555506055019105,0.4424995200739937,0.9382391964757164,0.6982306320622456,0.4635388886012359,0.8492082756276296,0.5586375400948496,0.7752955994888698
3.03505234013567,0.995722475274128,0.8903298345562376,0.6608100521123843,0.44816056446483554,0.9399654892399171,0.7032058486263093,0.4692333805136759,0.8525352136861195,0.564284374492372,0.7795653182415057
3.0644070760983277,0.9958993243388117,0.8929940416192804,0.6660383496524231,0.45383218595022284,0.9416537664927562,0.7081431781456492,0.4749341730352664,0.8558126093537415,0.5699181328522387,0.7837881566718865
3.094045728259742,0.9960696013890586,0.8956112452558898,0.6712346162114835,0.459513238412514,0.9433045266186844,0.7130419038071705,0.4806401021521152,0.85904053793685,0.5755376921937394,0.7879637725824833
3.123971042630233,0.9962335170130157,0.8981817472018432,0.6763979883860114,0.46520256995494047,0.9449182721514826,0.7179013301819566,0.4863500006927093,0.8622190937513298,0.5811419381858416,0.7920918468723624
3.154185791779271,0.9963912764931271,0.9007058628022657,0.6815276216939736,0.470899023602172,0.9464955093757846,0.7227207834822645,0.4920626990441111,0.8653483897761582,0.5867297658095116,0.7961720834718828
3.184692775092352,0.9965430798808906,0.9031839205750669,0.6866226909712851,0.4766014380060742,0.9480367479344891,0.7274996117987679,0.49777702587065675,0.868428557297069,0.5923000800105986,0.8002042092593398
3.2154948190303627,0.996689122073016,0.9056162617715421,0.6916823907498454,0.4823086481559397,0.9495425004423282,0.732237185317968,0.5034918088344212,0.8714597455408286,0.5978517963426412,0.8041879739598536
3.2465947773914468,0.9968295928888595,0.9080032399346358,0.6967059356169167,0.4880194860924704,0.9510132821058452,0.7369328965197156,0.5092058753167111,0.8744421213006472,0.6033838415989664,0.8081231500268096
3.277995531575413,0.9969646771490075,0.9103452204553606,0.7016925605556068,0.49373278162478024,0.952449610350018,0.7415861603548101,0.5149180531398455,0.8773758685532438,0.6088951544334702,0.8120095325061791
3.3096999908506874,0.9970945547548848,0.9126425801278555,0.7066415212662397,0.4994473630496857,0.9538520044517541,0.7461964144026697,0.520627171288484,0.8802611880680888,0.6143846859694811,0.8158469388840693
3.3417110926238744,0.9972194007692711,0.9148957067035624,0.7115520944684277,0.505162057872551,0.95522098518047,0.7507631190090931,0.526332060629766,0.8830982970093514,0.6198514003961322,0.8196352089178609
3.3740318027118836,0.9973393854976068,0.9171049984449867,0.7164235781836712,0.5108756935289365,0.9565570744459493,0.7552857574041432,0.5320315546315126,0.8858874285310683,0.6252942755516664,0.8233742044513082
3.406665115616725,0.9974546745699784,0.9192708636795104,0.7212552919983587,0.5165870981063283,0.9578607949536666,0.759763835800233,0.5377244900777707,0.8886288313660695,0.6307123034931473,0.8270638092140018
3.4396140548029455,0.9975654290236726,0.9213937203537025,0.7260465773070431,0.5222951010651928,0.9591326698677468,0.7641968834704905,0.5434097077809547,0.891322769409175,0.6361044910520379,0.8307039286055923
3.4728816729777523,0.9976718053861958,0.9234739955885749,0.730796797535908,0.5279985339586262,0.9603732224817181,0.7685844528075219,0.5490860532898685,0.8939695212951884,0.6414698603751474,0.8342944894651989
3.506471052373845,0.9977739557586555,0.9255121252362138,0.7355053383463588,0.5336962311498564,0.9615829758972007,0.7729261193627037,0.5547523775928807,0.8965693799722032,0.646807449450458,0.8378354398264332
3.5403853050349823,0.9978720278994059,0.927508553438211,0.7401716078187004,0.5393870305268678,0.9627624527106637,0.7772214818661657,0.5604075378155422,0.8991226522707418,0.6521163126173697,0.841326748658483
3.5746275731043133,0.9979661653078652,0.929463732186307,0.744795036615885,0.5450697742134133,0.9639121747083694,0.7814701622276404,0.566050397911942,0.9016296584692337,0.6573955210609184,0.8447684055937115
3.609201029115495,0.9980565073084097,0.9313781208856458,0.7493750781273395,0.5507433092756945,0.9650326625696054,0.7856718055183833,0.5716798293491003,0.904090731856342,0.6626441632895468,0.8481604206422353
3.6441088762866216,0.9981431891342607,0.9332521859210327,0.7539112085929072,0.5564064884239845,0.9661244355783023,0.7898260799343833,0.5772947117837137,0.9065062182906416,0.667861345596028,0.8515028238939565
3.6793543488170197,0.9982263420112788,0.9350864002265729,0.7584029272069643,0.5620581707084917,0.9671880113431128,0.7939326767411106,0.5828939337305815,0.9088764757581416,0.6730461925011728,0.8547956652085356
3.7149407121868694,0.9983060932415845,0.9368812428590548,0.7628497562027856,0.5676972222087471,0.9682239055260219,0.7979913102000574,0.5884763932220369,0.9112018739281433,0.6781978471799549,0.8580390138937883
3.7508712634597674,0.9983825662869296,0.9386371985754342,0.7672512409172729,0.5733225167158357,0.9692326315795415,0.8020017174773623,0.5940409984577453,0.9134827937079167,0.6833154718697403,0.8612329583730116
3.787149331588194,0.9984558808517447,0.9403547574147596,0.771606949836171,0.5789329364067798,0.9702147004925358,0.8059636585348109,0.5995866684442237,0.9157196267966684,0.6883982482603076,0.8643776058417403
3.8237782777219396,0.9985261529657932,0.9420344142848672,0.7759164746199192,0.584527372510402,0.9711706205447055,0.8098769160035366,0.6051123336234595,0.9179127752392688,0.6934453778653795,0.8674730819144411
3.8607614955195135,0.9985934950663639,0.9436766685541608,0.7801794301103173,0.5901047259640109,0.9721008970697561,0.8137412950407572,0.6106169364900229,0.9200626509801972,0.6984560823754126,0.8705195302616635
3.8981024114625664,0.9986580160799414,0.9452820236487784,0.7843954543181941,0.5956639080602576,0.9730060322272548,0.8175566231698945,0.6160994321960775,0.9221696754181502,0.7034296039914109,0.8735171122381586
3.935804485173351,0.9987198215032905,0.9468509866554378,0.7885642083923012,0.6012038410835348,0.9738865247831784,0.8213227501044564,0.6215587891437209,0.9242342789617594,0.7083652057395605,0.876466006502493
3.9738712097352553,0.9987790134839002,0.9483840679302326,0.792685376569662,0.6067234589352929,0.9747428698991383,0.8250395475560532,0.6269939895640891,0.9262569005868394,0.7132621717665009,0.879366408628673
4.012306112016437,0.998835690899732,0.9498817807136443,0.7967586661076375,0.612221707747677,0.9755755589302615,0.8287069090269572,0.6324040300826977,0.9282379873955928,0.7181198076150787,0.8822185307103128
4.0511127529965805,0.9988899494382235,0.9513446407520183,0.8007838071979829,0.6176975464848921,0.9763850792316946,0.8323247495876098,0.6377879222704887,0.9301779941781737,0.7229374404804516,0.8850226009578601
4.090294728096837,0.9989418816744975,0.9527731659257398,0.8047605528631911,0.623149947531733,0.977171913973691,0.8358930056395095,0.6431446931800963,0.9320773829770125,0.7277144194464406,0.8877788632894146
4.129855667512915,0.9989915771487325,0.954167875884329,0.8086886788354328,0.6285778972687195,0.9779365419652273,0.8394116346639089,0.6484733858668382,0.9339366226542812,0.7324501157020401,0.8904875769156537
4.169799236551434,0.9990391224426544,0.9555292916886678,0.8125679834184303,0.6339803966333124,0.9786794374860929,0.8428806149567787,0.6537730598939901,0.9357561884628792,0.7371439227380435,0.893149015919394
4.210129135969508,0.9990846012551078,0.9568579354605489,0.8163982873326077,0.6393564616666921,0.9794010701273819,0.8462999453504921,0.6590427918218956,0.9375365616212953,0.7417952565237416,0.8957634688303047
4.250849102317618,0.9991280944766734,0.9581543300397307,0.8201794335438832,0.6447051240456064,0.9801019046403106,0.8496696449227035,0.6642816756805019,0.9392782288926995,0.7464035556636939,0.8983312381952904
4.291962908285806,0.9991696802632954,0.9594189986486649,0.8239112870764833,0.6500254315988172,0.9807824007932776,0.8529897526928951,0.6694888234249311,0.9409816821685978,0.7509682815345888,0.900852640145057
4.333474363053212,0.9992094341088908,0.9606524645650506,0.8275937348101727,0.6553164488076921,0.9814430132370732,0.8562603273070843,0.6746633653737159,0.9426474180573756,0.7554889184022369,0.9033280039573668
4.37538731264099,0.9992474289169095,0.9618552508023572,0.831226685262308,0.6605772572905135,0.9820841913781381,0.8594814467111795,0.6798044506293557,0.9442759374780405,0.7599649735187599,0.9057576716174902
4.417705640268645,0.9992837350708228,0.9630278797984426,0.8348100683551374,0.6658069562700941,0.9827063792597668,0.8626532078134902,0.6849112474808734,0.9458677452594595,0.7643959772000701,0.9081419973763465
4.460433266713801,0.9993184205035134,0.9641708731123828,0.8383438351687778,0.671004663024318,0.9833100154511416,0.8657757261368948,0.6899829437880729,0.947423349745379,0.76878148288375,0.910481347306829
4.5035741506754885,0.9993515507655485,0.9652847511296145,0.8418279576803217,0.6761695133192469,0.9838955329440786,0.8688491354611814,0.6950187473472298,0.9489432624054954,0.7731210671674719,0.9127760988588003
4.547132289140877,0.9993831890923172,0.9663700327754791,0.8452624284895185,0.6813006618244429,0.9844633590573609,0.8718735874560689,0.700017886237957,0.9504279974528335,0.7774143298281078,0.915026640413229
4.59111171775562,0.9994133964700135,0.9674272352372469,0.8486472605315096,0.6863972825102092,0.9850139153485286,0.8748492513054398,0.7049796091510354,0.9518780714676794,0.7816608938217242,0.9172333708359429
4.635516511197752,0.9994422317004532,0.9684568736946858,0.8519824867770854,0.6914585690264471,0.9855476175329896,0.8777763133232948,0.709903185697001,0.9532940030282963,0.7858604052646507,0.9193966990314573
4.680350783555199,0.9994697514647111,0.9694594610592249,0.8552681599209502,0.6964837350628685,0.9860648754103134,0.8806549765619598,0.714787906695318,0.9546763123486383,0.7900125333958519,0.9215170434973303
4.725618688706957,0.999496010385568,0.9704355077217566,0.8585043520584873,0.7014720146903223,0.9865660927975598,0.8834854604130666,0.7196330844439925,0.95602552092327,0.7941169705208462,0.9235948318794861
4.771324420707939,0.9995210610887598,0.9713855213091057,0.8616911543515233,0.7064226626830166,0.9870516674694955,0.8862680002018326,0.7244380529694987,0.9573421511796762,0.7981734319374336,0.9256305005289411
4.817472214177557,0.9995449542630214,0.972310006449182,0.8648286766835966,0.7113349548214507,0.9875219911055466,0.8890028467751643,0.7292021682569241,0.9586267261381428,0.8021816558435156,0.9276244940603544
4.864066344692058,0.9995677387189209,0.9732094645448254,0.8679170473052387,0.7162081881758844,0.9879774492433309,0.8916902660841066,0.733924808460257,0.9598797690793663,0.8061414032273085,0.9295772649128121
4.9111111291806475,0.9995894614464814,0.9740843935563382,0.8709564124697848,0.7210416813702091,0.9884184212386086,0.8943305387611595,0.7386053740927718,0.961101803219947,0.8100524577402712,0.9314892729132488
4.958610926325472,0.9996101676715875,0.9749352877926921,0.8739469360602312,0.7258347748261027,0.9888452802314937,0.8969239596929817,0.7432432881974879,0.9622933513958973,0.8139146255530834,0.9333609848428935
5.00657013696542,0.9996299009111774,0.9757626377113824,0.8768887992076574,0.7305868309873743,0.9892583931187576,0.8994708375889915,0.7478379964976976,0.963454935754291,0.8177277351950236,0.935192874007117
5.054993204503879,0.9996487030272232,0.9765669297268986,0.8797821999017421,0.735297234524442,0.9896581205320624,0.9019714945463828,0.7523889675276014,0.9645870774531623,0.821491637377127,0.9369854198090476
5.103884615320409,0.9996666142794985,0.977348646027766,0.8826273525938911,0.739965392518892,0.9900448168219508,0.9044262656120573,0.7568956927430881,0.9656902963697525,0.825206204799495,0.938739107327306
5.153248899186401,0.9996836733771426,0.9781082644021054,0.8854244877935055,0.744590734628113,0.9904188300474284,0.9068354983419746,0.761357686612741,0.966765110817189,0.8288713319431655,0.9404544268982027
5.203090629684766,0.9996999175290213,0.9788462580716486,0.8881738516579126,0.7491727132300056,0.9907805019709626,0.9091995523584184,0.765774486689164,0.9678120372696698,0.8324869348469528,0.9421318737027213
5.253414424633669,0.999715382492896,0.9795630955341413,0.8908757055764853,0.753710803547808,0.9911301680587277,0.9115187989056615,0.7701456536607516,0.968831590096211,0.836052950869682,0.9437719473586081
5.304224946514371,0.9997301026234042,0.9802592404140524,0.893530325749468,0.7582045037550873,0.9914681574859248,0.9137936204045182,0.7744707713840405,0.969824281303009,0.839569338438259,0.9453751515178638
5.355526902903207,0.9997441109188637,0.9809351513215055,0.8961380027620324,0.7626533350609831,0.991794793147,0.9160244100062496,0.7787494468968148,0.9707906202844517,0.8430360767820233,0.9469419934699304
5.407325046907737,0.9997574390669083,0.9815912817193369,0.8986990411540754,0.7670568417758044,0.9921103916705911,0.9182115711462959,0.7829813104121475,0.9717311135828044,0.8464531656538455,0.9484729837508457
5.459624177607121,0.999770117488966,0.9822280797981805,0.9012137589862748,0.771414591357106,0.9924152634390259,0.9203555170982844,0.7871660152935884,0.9726462646565839,0.8498206250384364,0.949968635758628
5.512429140496768,0.9997821753835926,0.9828459883594717,0.9036824874029088,0.7757261744364012,0.9927097126122023,0.9224566705287675,0.7913032380117322,0.9735365736576246,0.853138494848352,0.9514294653751398
5.565744827937239,0.9997936407686698,0.9834454447062541,0.9061055701919397,0.7799912048266695,0.9929940371556754,0.9245154630531224,0.7953926780824055,0.9744025372168278,0.8564068346081735,0.9528559905946625
5.619576179607544,0.9998045405224857,0.9840268805416719,0.9084833633428642,0.7842093195108677,0.9932685288727804,0.9265323347930476,0.7994340579867579,0.9752446482385767,0.8596257231273656,0.9542487311594059
5.673928182962797,0.999814900423707,0.9845907218750191,0.9108162346028155,0.7883801786116509,0.9935334734406217,0.9285077339360667,0.8034271230735324,0.9760633957037895,0.8627952581623075,0.9556082082021595
5.728805873696299,0.9998247451902602,0.9851373889352151,0.9131045630314043,0.7925034653425399,0.9937891504497568,0.9304421162974501,0.8073716414438308,0.9768592644815716,0.8659155560680065,0.9569349438962773
5.784214336206095,0.9998340985171353,0.9856672960915704,0.9153487385547721,0.7965788859407925,0.9940358334474081,0.9323359448849492,0.8112674038186934,0.9776327351494208,0.8689867514400054,0.9582294611131785
5.840158704066045,0.9998429831131296,0.9861808517817012,0.9175491615193263,0.8006061695822536,0.9942737899840356,0.9341896894667255,0.8151142233898414,0.9783842838219293,0.8720089967469979,0.9594922830875309
5.89664416050144,0.9998514207365446,0.9866784584464452,0.9197062422456175,0.804585068278477,0.9945032816631062,0.9360038261428489,0.8189119356539329,0.9791143819879156,0.874982461954674,0.9607239330902688
5.953675938869233,0.9998594322298564,0.987160512471633,0.9218204005828072,0.8085153567564334,0.9947245641938957,0.9377788369207227,0.822660398230715,0.9798234963559164,0.8779073341413156,0.9619249341095883
6.011259323142897,0.9998670375533727,0.9876274041365574,0.9238920654641679,0.8123968323211328,0.9949378874471634,0.9395152092947832,0.8263594906654534,0.9805120887079531,0.8807838171056636,0.9630958085400441
6.069399648402013,0.9998742558178968,0.9880795175689876,0.925921674464048,0.8162293147015105,0.9951434955135408,0.9412134358308106,0.830009114216052,0.9811806157614874,0.8836121309675875,0.9642370778798649
6.128102301326517,0.999881105316415,0.9885172307065655,0.9279096733567191,0.8200126458799364,0.9953416267644781,0.9428740137551699,0.8336091916252684,0.9818295290394653,0.8863925117620723,0.9653492624365864
6.1873727206958105,0.9998876035548249,0.9889409152644241,0.9298565156775187,0.823746689905731,0.9955325139155947,0.944497444549293,0.8371596668784673,0.982459274748351,0.8891252110270568,0.9664328810410923
6.247216397892645,0.9998937672817232,0.9893509367088613,0.9317626622866847,0.8274313326930778,0.9957163840922826,0.9460842335496973,0.8406605049473433,0.9830702936640356,0.8918104953856401,0.9674884507701376
6.307638877411904,0.9998996125172723,0.989747654236904,0.9336285809362711,0.8310664818037428,0.9958934588974153,0.9476348895538228,0.8441116915200734,0.9836630210255076,0.894448646123178,0.9685164866774211
6.368645757374292,0.9999051545811622,0.9901314207615921,0.9354547458405185,0.8346520662150183,0.9960639544810165,0.9491499244319566,0.8475132327183563,0.9842378864361602,0.8970399587597906,0.9695175015332547
6.430242690045004,0.9999104081196886,0.9905025829028131,0.9372416372500441,0.8381880360733294,0.9962280816117447,0.9506298527455014,0.8508651548018178,0.9847953137726088,0.8995847426187911,0.9704920055728746
6.492435382357402,0.9999153871319634,0.9908614809835163,0.9389897410302023,0.841674362433942,0.9963860457500574,0.9520751913718287,0.8541675038602572,0.9853357211008852,0.9020833203915508,0.971440506253419
6.555229596441763,0.99992010499528,0.991208449031133,0.9406995482439541,0.8451110369872354,0.996538047122916,0.9534864591359465,0.8574203454942297,0.9858595205998688,0.9045360276993037,0.9723635080195919
6.6186311501591355,0.9999245744896479,0.9915438147840311,0.9423715547395709,0.8484980717719992,0.9966842807999002,0.9548641764491944,0.8606237644844583,0.9863671184918141,0.9069432126523937,0.9732615120780174
6.682645917640357,0.9999288078215193,0.9918678997028298,0.944006260743487,0.8518354988762342,0.996824936770601,0.9562088649551703,0.863777864450578,0.9868589149798243,0.9093052354074547,0.974135016180283
6.747279829830319,0.9999328166467241,0.9921810189864023,0.9456041704585991,0.8551233701259401,0.9969602000231673,0.9575210471830741,0.8668827674997246,0.9873353041921238,0.9116224677230197,0.9749845144146543
6.812538875037422,0.9999366120926334,0.9924834815923904,0.9471657916682991,0.8583617567623791,0.9970902506238825,0.9588012462086419,0.8699386138654731,0.9877966741329716,0.9138952925140288,0.9758104970064366
6.87842909948842,0.9999402047795697,0.9927755902620622,0.9486916353465148,0.8615507491083192,0.9972152637976506,0.9600499853228364,0.8729455615376533,0.9882434066400589,0.9161241034057207,0.9766134501269502
6.944956607888594,0.9999436048414819,0.993057641549336,0.9501822152740179,0.864690456223757,0.9973354100092788,0.9612677877084338,0.8759037858835529,0.9886758773482316,0.9183093042873649,0.9773938557110731
7.012127563987352,0.9999468219459056,0.9933299258538031,0.951638047661244,0.867781005551632,0.997450855045441,0.9624551761246488,0.8788134792610373,0.9890944556593719,0.9204513088662956,0.9781521912832993
7.079948191149295,0.9999498653132239,0.9935927274575755,0.9530596507778581,0.8708225425540457,0.9975617600972143,0.9636126725999135,0.8816748506241052,0.9894995047182749,0.9225505402226898,0.9788889297922496
7.148424772930813,0.999952743735251,0.9938463245657914,0.9544475445892857,0.8738152303395059,0.9976682818430848,0.9647407981329214,0.8844881251214092,0.989891381394352,0.9246074303655333,0.9796045394535632
7.217563653662249,0.9999554655931522,0.9940909893506097,0.9558022504004126,0.8767592492817127,0.9977705725323178,0.9658400724020308,0.88725354368826,0.9902704362689926,0.9266224197901961,0.980299483601093
7.287371239035706,0.9999580388747222,0.9943269879985288,0.9571242905066479,0.8796547966304137,0.9978687800685975,0.9669110134831133,0.8899713626326452,0.9906370136284124,0.9285959570380383,0.9809742205463168
7.35785399669852,0.9999604711910371,0.9945545807608621,0.9584141878525264,0.8825020861148478,0.9979630480938378,0.967954137575912,0.8926418532157788,0.9909914514618172,0.9305284982584497,0.9816292034458693
7.429018456852514,0.9999627697924974,0.9947740220072117,0.9596724656980163,0.8853013475403093,0.9980535160720773,0.9689699587389767,0.8952653012277056,0.991334081464709,0.9324205067737205,0.9822648801770959
7.5008712128589785,0.9999649415842814,0.9949855602817768,0.9608996472926837,0.8880528263783467,0.9981403193733667,0.9699589886332138,0.8978420065584749,0.9916652290471627,0.9342724526471231,0.9828816932215164
7.57341892184957,0.9999669931412234,0.9951894383623412,0.9620962555578528,0.8907567833511292,0.9982235893575677,0.9709217362740925,0.9003722827653986,0.9919852133468978,0.9360848122545806,0.9834800795560881
7.646668305343087,0.9999689307221352,0.9953858933217826,0.9632628127768856,0.8934134940104972,0.9983034534579811,0.9718587077925264,0.9028564566369044,0.992294347246974,0.9378580678602765,0.9840604705521439
7.720626149868211,0.9999707602835873,0.9955751565919514,0.9643998402936953,0.8960232483122192,0.9983800352647275,0.9727704062044467,0.905294867753485,0.9925929373979354,0.9395927071965571,0.9846232918818825
7.795299307592287,0.9999724874931644,0.9957574540297683,0.9655078582195905,0.8985863501859672,0.9984534546078072,0.9736573311890642,0.9076878680462452,0.9928812842442329,0.941289223048456,0.9851689634322752
7.870694696956159,0.9999741177422139,0.9959330059853939,0.9665873851485401,0.9011031171015274,0.998523827639768,0.9745199788758148,0.9100358213535374,0.9931596820547495,0.9429481128431668,0.9856978992262557
7.946819303315175,0.9999756561581005,0.9961020273723248,0.9676389378809305,0.9035738796317523,0.9985912669179156,0.9753588416399661,0.9123391029761746,0.9934284189572608,0.9445698782447682,0.9862105073510493
8.023680179586371,0.999977107615984,0.9962647277392748,0.9686630311558779,0.9059989810127577,0.9986558814860013,0.9761744079068584,0.9145980992316955,0.9936877769766579,0.9461550247544994,0.986707189893496
8.10128444690192,0.9999784767501343,0.9964213113437028,0.9696601773921488,0.9083787767018585,0.9987177769553277,0.9769671619647375,0.9168132070081558,0.9939380320767663,0.9477040613168664,0.9871883428822193
8.179639295268895,0.9999797679647996,0.9965719772268515,0.9706308864377214,0.9107136339337403,0.9987770555852157,0.9777375837861355,0.9189848333179054,0.9941794542055906,0.9492174999318471,0.9876543562364842
8.258751984235461,0.9999809854446406,0.9967169192901656,0.9715756653280216,0.9130039312753455,0.9988338163627766,0.9784861488577374,0.92111339485181,0.9944123073438231,0.9506958552734535,0.9881056137215903
8.338629843563407,0.9999821331647473,0.9968563263729593,0.9724950180528433,0.9152500581799505,0.9988881550819417,0.9792133280186701,0.9231993175343526,0.9946368495564493,0.9521396443148855,0.9885424929106383
8.419280273907287,0.9999832149002491,0.9969903823312094,0.9733894453319617,0.9174524145409078,0.998940164421699,0.979919587307139,0.9252430360800586,0.9948533330472902,0.9535493859605131,0.9889653651525083
8.500710747500081,0.9999842342355356,0.9971192661173497,0.9742594443994326,0.919611410245504,0.998989934023493,0.9806053878153289,0.9272449935516638,0.995062004216323,0.9549256006848936,0.9893745955458845
8.582928808845487,0.9999851945730979,0.9972431518609498,0.9751055087965596,0.9217274647293945,0.9990375505677462,0.9812711855524789,0.9292056409204379,0.9952631037196205,0.9562688101790283,0.989770542919159
8.665942075416925,0.9999860991420051,0.9973622089501629,0.975928128173506,0.923801006532048,0.999083097849463,0.9819174313160357,0.9311254366290704,0.9954568665317562,0.9575795370040461,0.9901535598160477
8.749758238363288,0.9999869510060289,0.9974766021138295,0.9767277880995127,0.9258324728536359,0.9991266568528787,0.982544570570777,0.933004846157505,0.9956435220105236,0.9588583042524846,0.9905239924867443
8.834385063221525,0.9999877530714277,0.997586491504131,0.9775049698816763,0.9278223091137895,0.9991683058251217,0.9831530433357984,0.9348443415921068,0.995823293963818,0.9601056352173332,0.9908821808844458
8.919830390636116,0.9999885080944029,0.997692032779687,0.9782601503922361,0.9297709685126301,0.9992081203488574,0.9837432840792426,0.936644401198526,0.9959964007185375,0.9613220530689811,0.9912284586670724
9.006102137085499,0.9999892186882382,0.9977933771889961,0.9789938019043011,0.9316789115944778,0.9992461734138844,0.9843157216206498,0.9384055089986161,0.9961630551913563,0.9625080805402073,0.9915631532040131
9.093208295615554,0.9999898873301349,0.9978906716541225,0.9797063919359492,0.9335466058146209,0.9992825354876591,0.9848707790407999,0.9401281543517485,0.9963234649612333,0.9636642396193307,0.99188658558772
9.181156936580116,0.999990516367753,0.9979840588545345,0.9803983831026178,0.9353745251095259,0.9993172745847236,0.9854088735989114,0.9418128315408529,0.9964778323435143,0.9647910512516293,0.9921990706499803
9.269956208388717,0.9999911080254692,0.9980736773110046,0.9810702329776954,0.9371631494708499,0.999350456335017,0.9859304166570598,0.9434600393635024,0.9966263544654982,0.9658890350491242,0.9925009169826914
9.359614338261524,0.9999916644103622,0.9981596614694849,0.9817223939612214,0.9389129645236096,0.9993821440510504,0.9864358136116704,0.9450702807283462,0.9967692233433328,0.9669587090088086,0.9927924269629678
9.450139632991595,0.9999921875179364,0.9982421417848732,0.9823553131565917,0.9406244611088428,0.9994123987939307,0.9869254638319387,0.946644062257181,0.9969066259601139,0.9680005892393958,0.9930738967824043
9.541540479714493,0.9999926792375926,0.9983212448045916,0.9829694322551588,0.9422981348710912,0.9994412794382159,0.9873997606050259,0.9481818938929403,0.9970387443450631,0.9690151896966382,0.9933456164803285
9.63382534668536,0.9999931413578563,0.9983970932519,0.9835651874286123,0.9439344858510184,0.9994688427355928,0.9878590910878763,0.9496842885138632,0.9971657556536648,0.9700030219272711,0.9936078699808674
9.72700278406348,0.9999935755713721,0.9984698061088724,0.9841430092290201,0.94553401808346,0.9994951433773641,0.988303836265496,0.9511517615540954,0.9972878322486419,0.9709645948216075,0.9938609351336626
9.82108142470447,0.9999939834796748,0.9985394986989664,0.9847033224963978,0.947097239201198,0.9995202340557386,0.9887343709155331,0.9525848306309592,0.9974051417816606,0.9719004143748139,0.9941050837580654
9.9160699849601,0.9999943665977434,0.998606282769119,0.98524654627368,0.948624660044728,0.9995441655239152,0.9891510635789955,0.9539840151791154,0.9975178472756497,0.9728109834568746,0.9943405816906438
10.011977265485843,0.9999947263583496,0.9986702665713069,0.9857730937289516,0.9501167942782832,0.9995669866549589,0.9895542765369411,0.9553498360918274,0.9976261072076311,0.9736968015912463,0.9945676888358399
10.108812152056311,0.9999950641162063,0.998731554943511,0.9862833720847985,0.951574158012362,0.9995887444994623,0.98994436579297,0.9566828153695259,0.9977300755919556,0.9745583647421959,0.9947866592196142
10.206583616388441,0.9999953811519261,0.9987902493900287,0.9867777825546313,0.952997269432988,0.9996094843419946,0.990321681061353,0.9579834757758519,0.9978299020638459,0.975396165110797,0.9949977410459152
10.305300716972768,0.999995678675796,0.9988464481610817,0.9872567202858309,0.9543866484379275,0.9996292497563339,0.9906865657606222,0.9592523405013538,0.997925731963151,0.9762106909395593,0.9952011767558196
10.404972599912686,0.9999959578313767,0.9989002463316675,0.9877205743095633,0.955742816280068,0.9996480826594882,0.9910393570124536,0.9604899328349908,0.9980177064182173,0.9770024263256499,0.9953972030891851
10.50560849977182,0.9999962196989337,0.9989517358796088,0.9881697274971041,0.9570662952181491,0.9996660233645049,0.9913803856456689,0.9616967758435866,0.9981059624297891,0.9777718510426574,0.9955860511486628
10.607217740429618,0.9999964652987069,0.9990010057627567,0.9886045565225151,0.9583576081750277,0.999683110632074,0.9917099762051823,0.9628733920593614,0.998190632954854,0.9785194403708403,0.9957679464659217
10.709809735945193,0.9999966955940245,0.9990481419953052,0.9890254318315073,0.9596172784036396,0.9996993817209314,0.992028446965721,0.9640203031756628,0.9982718469903478,0.9792456649357951,0.9959431090699344
10.813393991429539,0.9999969114942702,0.9990932277231798,0.9894327176163272,0.9608458291608135,0.999714872437066,0.9923361099501427,0.9651380297509938,0.9983497296566439,0.9799509905554681,0.9961117535571826
10.917980103926174,0.9999971138577075,0.9991363432984641,0.9898267717964984,0.9620437833890716,0.9997296171817424,0.9926332709521803,0.966227090921435,0.9984244022807505,0.9806358780954262,0.9962740891636384
11.023577763300304,0.9999973034941679,0.9991775663528324,0.990207946005248,0.9632116634065482,0.9997436489983427,0.9929202295634396,0.9672880041215335,0.998495982479143,0.9813007833323004,0.9964303198383841
11.130196753136586,0.9999974811676099,0.9992169718699552,0.9905765855814509,0.9643499906051345,0.9997569996180428,0.9931972792044772,0.9683212848137308,0.9985645842401667,0.9819461568252994,0.9965806443187373
11.237846951645569,0.9999976475985526,0.9992546322568536,0.9909330295669159,0.9654592851569517,0.9997696995043291,0.993464707159789,0.9693274462263785,0.9986303180059405,0.9825724437956923,0.9967252562067436
11.34653833257891,0.999997803466391,0.999290617414175,0.9912776107088449,0.9665400657292395,0.9997817778963706,0.9937227946165393,0.9703069991003879,0.9986932907537035,0.9831800840141462,0.9968643440469157
11.456280966153441,0.9999979494115971,0.9993249948053673,0.9916106554672902,0.9675928492077357,0.9997932628512551,0.9939718167068612,0.9712604514445432,0.9987536060765438,0.9837695116958033,0.9969980914050874
11.567085019984141,0.9999980860378124,0.9993578295247321,0.9919324840274373,0.9686181504286078,0.9998041812851071,0.9942120425535608,0.9721883082994965,0.9988113642634566,0.9843411554029715,0.9971266769482636
11.678960760026262,0.9999982139138361,0.9993891843643382,0.9922434103165392,0.9696164819189899,0.9998145590130976,0.9944437353190623,0.9730910715104558,0.9988666623786759,0.9848954379553025,0.9972502745253475
11.791918551526322,0.999998333575515,0.9994191198797789,0.9925437420253288,0.9705883536461604,0.9998244207883612,0.9946671522574279,0.9739692395085595,0.9989195943402359,0.9854327763473193,0.9973690532486296
11.905968859982535,0.999998445527537,0.9994476944547599,0.9928337806337382,0.9715342727753917,0.9998337903398372,0.9948825447692922,0.9748233071009292,0.99897025099771,0.9859535816731569,0.9974831775759267
12.021122252114411,0.9999985502451356,0.9994749643645047,0.9931138214407503,0.9724547434364863,0.9998426904090474,0.995090158459553,0.9756537652693744,0.9990187202090904,0.9864582590583719,0.9975928073932654
12.137389396841767,0.999998648175707,0.9995009838379699,0.993384153598213,0.973350266499003,0.9998511427858293,0.9952902331976593,0.9764611009777172,0.9990650869167635,0.986947207598671,0.9976980980980005
12.254781066273184,0.9999987397403456,0.9995258051188592,0.9936450601484451,0.9742213393561713,0.9998591683430401,0.995483003180345,0.9772457969876949,0.999109433222546,0.9874208203054102,0.9977992006822743
12.37330813670405,0.9999988253352998,0.9995494785254323,0.9938968180654657,0.9750684557174747,0.9998667870702485,0.9956686969966542,0.9780083316833883,0.9991518384617466,0.9878794840577063,0.9978962618167145
12.492981589624245,0.9999989053333542,0.9995720525091031,0.9941396982996776,0.9758921054098794,0.999874018106431,0.9958475376951104,0.9787491789041153,0.9991923792762211,0.9883235795610037,0.9979894239342784
12.613812512735565,0.9999989800851392,0.9995935737118242,0.9943739658258418,0.9766927741876705,0.9998808797716927,0.9960197428528836,0.9794688077857199,0.9992311296863924,0.988753481311936,0.9980788253141537
12.735812100978999,0.9999990499203733,0.9996140870222578,0.9945998796941767,0.9774709435508527,0.9998873895980273,0.9961855246468114,0.9801676826101803,0.9992681611622067,0.9891695575693167,0.9981646001656307
12.858991657571934,0.9999991151490397,0.9996336356307313,0.9948176930844207,0.9782270905720591,0.9998935643591366,0.9963450899261347,0.9808462626634505,0.9993035426930044,0.9895721703310943,0.9982468787118584
12.983362595055395,0.9999991760625025,0.99965226108298,0.995027653362699,0.9789616877319063,0.999899420099328,0.9964986402868099,0.981505002101441,0.9993373408562806,0.9899616753171041,0.9983257872734106
13.108936436351412,0.9999992329345628,0.9996700033326813,0.9952300021410364,0.9796752027627234,0.9999049721615063,0.9966463721472661,0.9821443498240409,0.9993696198853182,0.9903384219574457,0.998401448351581
13.235724815830613,0.9999992860224589,0.9996869007927833,0.9954249753393607,0.9803680985005758,0.9999102352142816,0.9967884768254741,0.9827647493570728,0.9994004417356745,0.9907027533863169,0.9984739807113376
13.363739480390151,0.9999993355678146,0.9997029903856332,0.9956128032498458,0.9810408327454956,0.9999152232782088,0.9969251406172009,0.9833666387420676,0.9994298661505064,0.9910550064411309,0.9985434994638664
13.49299229054204,0.9999993817975351,0.9997183075919135,0.9957937106034419,0.9816938581298232,0.999919949751181,0.9970565448753281,0.9839504504337397,0.9994579507247217,0.9913955116667456,0.9986101161486374
13.623495221512032,0.9999994249246562,0.9997328864983935,0.9959679166384495,0.9823276219945596,0.9999244274329923,0.9971828660901098,0.9845166112050371,0.9994847509679443,0.9917245933246291,0.9986739388149309
13.755260364349121,0.9999994651491466,0.9997467598445049,0.9961356351709892,0.9829425662736186,0.9999286685490903,0.9973042759702566,0.9850655420596355,0.999510320366285,0.9920425694067917,0.9987350721027665
13.888299927045766,0.9999995026586673,0.9997599590677503,0.99629707466723,0.9835391273858654,0.9999326847735391,0.9974209415247309,0.9855976581517413,0.9995347104429095,0.9923497516543072,0.9987936173231743
14.022626235668968,0.9999995376292897,0.9997725143479587,0.9964524383172344,0.9841177361348185,0.9999364872512073,0.9975330251451435,0.9861133687130609,0.9995579708173994,0.9926464455802533,0.9988496725377599
14.15825173550223,0.9999995702261739,0.9997844546503959,0.9966019241102894,0.9846788176158896,0.9999400866192036,0.997640684688645,0.9866130769867943,0.9995801492639003,0.9929329504968968,0.9989033326375109
14.295188992198742,0.9999996006042106,0.9997958077677445,0.9967457249115882,0.9852227911310285,0.999943493027577,0.9977440735612109,0.9870971801685008,0.9996012917680569,0.9932095595469524,0.9989546894207966
14.433450692945403,0.9999996289086263,0.9998066003609668,0.9968840285401378,0.9857500701106351,0.9999467161592999,0.997843340801219,0.9875660693536853,0.9996214425827331,0.9934765597387438,0.9990038316705209
14.573049647638394,0.9999996552755563,0.9998168579990638,0.997017017847765,0.9862610620425968,0.999949765249553,0.9979386311632246,0.9880201294919493,0.9996406442825179,0.9937342319850967,0.9990508452303831
14.713998790069988,0.9999996798325855,0.9998266051977451,0.9971448707991001,0.9867561684083066,0.9999526491043315,0.9980300852018416,0.9884597393475474,0.99965893781702,0.9939828511457972,0.9990958130802116
14.856311179126866,0.9999997026992578,0.9998358654570247,0.9972677605524218,0.9872357846255089,0.9999553761183865,0.9981178393556407,0.9888852714661853,0.9996763625629546,0.9942226860734462,0.9991388154103322
15.000000000000004,0.999999723987558,0.9998446612977598,0.9973858555412473,0.987700299997821,0.9999579542925255,0.9982020260309793,0.9892970921478972,0.9996929563750254,0.9944539996625463,0.9991799296949415
